play_id,half,time_remaining_half,secs_remaining,secs_remaining_absolute,description,home_score,away_score,score_diff,play_length,win_prob,naive_win_prob,home,away,home_time_out_remaining,away_time_out_remaining,home_favored_by,game_id,date
1,1,20:00,2400,2400,PLAY,0,0,0,49,0.5,0.5,Wake Forest,Fairfield,4,4,NA,273130154,2007-11-09
2,1,19:11,2351,2351,James Johnson made Two Point Jumper.  Assisted by Ishmael Smith.,2,0,2,23,0.5450691340700113,0.5450691340700113,Wake Forest,Fairfield,4,4,NA,273130154,2007-11-09
3,1,18:48,2328,2328,Foul on Jonathan Han,2,0,2,10,0.5455697159214952,0.5455697159214952,Wake Forest,Fairfield,4,4,NA,273130154,2007-11-09
4,1,18:38,2318,2318,James Johnson missed Three Point Jumper.,2,0,2,0,0.5457893300573414,0.5457893300573414,Wake Forest,Fairfield,4,4,NA,273130154,2007-11-09
5,1,18:38,2318,2318,Jonathan Han Defensive Rebound.,2,0,2,11,0.5457893300573414,0.5457893300573414,Wake Forest,Fairfield,4,4,NA,273130154,2007-11-09
6,1,18:27,2307,2307,Ishmael Smith Steal.,2,0,2,3,0.5460321953134282,0.5460321953134282,Wake Forest,Fairfield,4,4,NA,273130154,2007-11-09
7,1,18:24,2304,2304,Ishmael Smith missed Two Point Layup.,2,0,2,0,0.5460986569417104,0.5460986569417104,Wake Forest,Fairfield,4,4,NA,273130154,2007-11-09
8,1,18:24,2304,2304,L.D. Williams Offensive Rebound.,2,0,2,1,0.5460986569417104,0.5460986569417104,Wake Forest,Fairfield,4,4,NA,273130154,2007-11-09
9,1,18:23,2303,2303,L.D. Williams made Two Point Tip Shot.,4,0,4,41,0.5914634446048885,0.5914634446048885,Wake Forest,Fairfield,4,4,NA,273130154,2007-11-09
10,1,17:42,2262,2262,Anthony Johnson missed Two Point Jumper.,4,0,4,0,0.5932513775002247,0.5932513775002247,Wake Forest,Fairfield,4,4,NA,273130154,2007-11-09
11,1,17:42,2262,2262,Jamie Skeen Defensive Rebound.,4,0,4,8,0.5932513775002247,0.5932513775002247,Wake Forest,Fairfield,4,4,NA,273130154,2007-11-09
12,1,17:34,2254,2254,L.D. Williams made Two Point Layup.  Assisted by Ishmael Smith.,6,0,6,29,0.6383760782397434,0.6383760782397434,Wake Forest,Fairfield,4,4,NA,273130154,2007-11-09
13,1,17:05,2225,2225,Devin Johnson made Three Point Jumper.  Assisted by Jonathan Han.,6,3,3,10,0.5715438722764842,0.5715438722764842,Wake Forest,Fairfield,4,4,NA,273130154,2007-11-09
14,1,16:55,2215,2215,Jamie Skeen made Three Point Jumper.  Assisted by Ishmael Smith.,9,3,6,39,0.6408544633201061,0.6408544633201061,Wake Forest,Fairfield,4,4,NA,273130154,2007-11-09
15,1,16:16,2176,2176,Greg Nero missed Two Point Jumper.,9,3,6,0,0.6433506016000575,0.6433506016000575,Wake Forest,Fairfield,4,4,NA,273130154,2007-11-09
16,1,16:16,2176,2176,Ishmael Smith Defensive Rebound.,9,3,6,6,0.6433506016000575,0.6433506016000575,Wake Forest,Fairfield,4,4,NA,273130154,2007-11-09
17,1,16:10,2170,2170,Foul on Herbie Allen,9,3,6,13,0.6437356282249784,0.6437356282249784,Wake Forest,Fairfield,4,4,NA,273130154,2007-11-09
18,1,15:57,2157,2157,L.D. Williams made Two Point Dunk Shot.  Assisted by Ishmael Smith.,11,3,8,22,0.6886212909107217,0.6886212909107217,Wake Forest,Fairfield,4,4,NA,273130154,2007-11-09
19,1,15:35,2135,2135,L.D. Williams Steal.,11,3,8,4,0.6903932262651092,0.6903932262651092,Wake Forest,Fairfield,4,4,NA,273130154,2007-11-09
20,1,15:31,2131,2131,L.D. Williams made Two Point Layup.,13,3,10,2,0.7319105841423642,0.7319105841423642,Wake Forest,Fairfield,4,4,NA,273130154,2007-11-09
21,1,15:29,2129,2129,Fairfield 20 Second Timeout.,13,3,10,16,0.7320961668093973,0.7320961668093973,Wake Forest,Fairfield,4,3,NA,273130154,2007-11-09
22,1,15:13,2113,2113,Official TV Timeout.,13,3,10,210,0.7335829925796059,0.7335829925796059,Wake Forest,Fairfield,4,3,NA,273130154,2007-11-09
23,1,11:43,1903,1903,Harvey Hale Steal.,13,3,10,140,0.7536070297505008,0.7536070297505008,Wake Forest,Fairfield,4,3,NA,273130154,2007-11-09
24,1,9:23,1763,1763,Official TV Timeout.,13,3,10,142,0.7671048347662557,0.7671048347662557,Wake Forest,Fairfield,4,3,NA,273130154,2007-11-09
25,1,7:01,1621,1621,Official TV Timeout.,13,3,10,65,0.7811141109388627,0.7811141109388627,Wake Forest,Fairfield,4,3,NA,273130154,2007-11-09
26,1,5:56,1556,1556,Jeff Teague Steal.,13,3,10,87,0.7871462938758296,0.7871462938758296,Wake Forest,Fairfield,4,3,NA,273130154,2007-11-09
27,1,4:29,1469,1469,Gary Clark Steal.,13,3,10,5,0.7956750962639851,0.7956750962639851,Wake Forest,Fairfield,4,3,NA,273130154,2007-11-09
28,1,4:24,1464,1464,Fairfield 20 Second Timeout.,13,3,10,37,0.7962014056537768,0.7962014056537768,Wake Forest,Fairfield,4,2,NA,273130154,2007-11-09
29,1,3:47,1427,1427,Jeff Teague Steal.,13,3,10,45,0.8001346424315395,0.8001346424315395,Wake Forest,Fairfield,4,2,NA,273130154,2007-11-09
30,1,3:02,1382,1382,Official TV Timeout.,13,3,10,38,0.8045921592715138,0.8045921592715138,Wake Forest,Fairfield,4,2,NA,273130154,2007-11-09
31,1,2:24,1344,1344,Mike Evanovich Steal.,13,3,10,15,0.8082275838110915,0.8082275838110915,Wake Forest,Fairfield,4,2,NA,273130154,2007-11-09
32,1,2:09,1329,1329,L.D. Williams Steal.,13,3,10,50,0.8096702422147575,0.8096702422147575,Wake Forest,Fairfield,4,2,NA,273130154,2007-11-09
33,1,1:19,1279,1279,L.D. Williams Steal.,13,3,10,79,0.8146726736237693,0.8146726736237693,Wake Forest,Fairfield,4,2,NA,273130154,2007-11-09
34,1,0:00,1200,1200,End of the 1st Half.,13,3,10,0,0.8237988536530104,0.8237988536530104,Wake Forest,Fairfield,4,2,NA,273130154,2007-11-09
35,2,20:00,1200,1200,PLAY,13,3,10,218,0.8237988536530104,0.8237988536530104,Wake Forest,Fairfield,4,3,NA,273130154,2007-11-09
36,2,16:22,982,982,James Johnson Steal.,13,3,10,26,0.849876481323063,0.849876481323063,Wake Forest,Fairfield,4,3,NA,273130154,2007-11-09
37,2,15:56,956,956,Official TV Timeout.,13,3,10,54,0.8536288284337766,0.8536288284337766,Wake Forest,Fairfield,4,3,NA,273130154,2007-11-09
38,2,15:02,902,902,Fairfield 20 Second Timeout.,13,3,10,18,0.8600459375970244,0.8600459375970244,Wake Forest,Fairfield,4,2,NA,273130154,2007-11-09
39,2,14:44,884,884,Mike Evanovich Steal.,13,3,10,158,0.8619355376152718,0.8619355376152718,Wake Forest,Fairfield,4,2,NA,273130154,2007-11-09
40,2,12:06,726,726,Wake Forest Full Timeout.,13,3,10,26,0.8828841931872122,0.8828841931872122,Wake Forest,Fairfield,4,1,NA,273130154,2007-11-09
41,2,11:40,700,700,Gary Clark Steal.,13,3,10,14,0.887107356640949,0.887107356640949,Wake Forest,Fairfield,4,1,NA,273130154,2007-11-09
42,2,11:26,686,686,Jeff Teague Steal.,13,3,10,14,0.8890867106328754,0.8890867106328754,Wake Forest,Fairfield,4,1,NA,273130154,2007-11-09
43,2,11:12,672,672,Jeff Teague Steal.,13,3,10,2,0.8909460859708913,0.8909460859708913,Wake Forest,Fairfield,4,1,NA,273130154,2007-11-09
44,2,11:10,670,670,Official TV Timeout.,13,3,10,28,0.891205589235354,0.891205589235354,Wake Forest,Fairfield,4,1,NA,273130154,2007-11-09
45,2,10:42,642,642,Herbie Allen Steal.,13,3,10,14,0.8948110174027256,0.8948110174027256,Wake Forest,Fairfield,4,1,NA,273130154,2007-11-09
46,2,10:28,628,628,Yorel Hawkins Steal.,13,3,10,81,0.8966819446848858,0.8966819446848858,Wake Forest,Fairfield,4,1,NA,273130154,2007-11-09
47,2,9:07,547,547,Warren Edney Steal.,13,3,10,79,0.911052713761246,0.911052713761246,Wake Forest,Fairfield,4,1,NA,273130154,2007-11-09
48,2,7:48,468,468,Official TV Timeout.,13,3,10,37,0.9241418428152506,0.9241418428152506,Wake Forest,Fairfield,4,1,NA,273130154,2007-11-09
49,2,7:11,431,431,James Johnson Steal.,13,3,10,144,0.9321335777219608,0.9321335777219608,Wake Forest,Fairfield,4,1,NA,273130154,2007-11-09
50,2,4:47,287,287,Mike Evanovich Steal.,13,3,10,28,0.9626174222294397,0.9626174222294397,Wake Forest,Fairfield,4,1,NA,273130154,2007-11-09
51,2,4:19,259,259,Greg Nero Steal.,13,3,10,19,0.9602863706664551,0.9602863706664551,Wake Forest,Fairfield,4,1,NA,273130154,2007-11-09
52,2,4:00,240,240,Mike Evanovich Steal.,13,3,10,10,0.9586546189449013,0.9586546189449013,Wake Forest,Fairfield,4,1,NA,273130154,2007-11-09
53,2,3:50,230,230,Official TV Timeout.,13,3,10,41,0.9587908398841217,0.9587908398841217,Wake Forest,Fairfield,4,1,NA,273130154,2007-11-09
54,2,3:09,189,189,Mike Evanovich Steal.,13,3,10,109,0.9725847595878728,0.9725847595878728,Wake Forest,Fairfield,4,1,NA,273130154,2007-11-09
55,2,1:20,80,80,Jeff Teague Steal.,13,3,10,80,0.9990487440400467,0.9990487440400467,Wake Forest,Fairfield,4,1,NA,273130154,2007-11-09
56,2,0:00,0,0,End Game,13,3,10,0,1,1,Wake Forest,Fairfield,4,1,NA,273130154,2007-11-09
