play_id,half,time_remaining_half,secs_remaining,secs_remaining_absolute,description,home_score,away_score,score_diff,play_length,win_prob,naive_win_prob,home,away,home_time_out_remaining,away_time_out_remaining,home_favored_by,game_id,date
1,1,20:00,2400,2400,PLAY,0,0,0,3,0.5,0.5,Michigan,Radford,4,4,NA,273130130,2007-11-09
2,1,19:57,2397,2397,Martell McDuffy made Two Point Layup.,0,2,-2,27,0.4559108817716005,0.4559108817716005,Michigan,Radford,4,4,NA,273130130,2007-11-09
3,1,19:30,2370,2370,DeShawn Sims made Two Point Dunk Shot.,2,2,0,43,0.5,0.5,Michigan,Radford,4,4,NA,273130130,2007-11-09
4,1,18:47,2327,2327,DeShawn Sims missed Three Point Jumper.,2,2,0,0,0.5,0.5,Michigan,Radford,4,4,NA,273130130,2007-11-09
5,1,18:47,2327,2327,DeShawn Sims Offensive Rebound.,2,2,0,28,0.5,0.5,Michigan,Radford,4,4,NA,273130130,2007-11-09
6,1,18:19,2299,2299,Manny Harris missed Two Point Layup.,2,2,0,0,0.5,0.5,Michigan,Radford,4,4,NA,273130130,2007-11-09
7,1,18:19,2299,2299,Manny Harris Offensive Rebound.,2,2,0,4,0.5,0.5,Michigan,Radford,4,4,NA,273130130,2007-11-09
8,1,18:15,2295,2295,Manny Harris missed Two Point Layup.,2,2,0,0,0.5,0.5,Michigan,Radford,4,4,NA,273130130,2007-11-09
9,1,18:15,2295,2295,DeShawn Sims Offensive Rebound.,2,2,0,2,0.5,0.5,Michigan,Radford,4,4,NA,273130130,2007-11-09
10,1,18:13,2293,2293,DeShawn Sims made Two Point Layup.,4,2,2,23,0.5463431431926905,0.5463431431926905,Michigan,Radford,4,4,NA,273130130,2007-11-09
11,1,17:50,2270,2270,Martell McDuffy made Two Point Layup.,4,4,0,10,0.5,0.5,Michigan,Radford,4,4,NA,273130130,2007-11-09
12,1,17:40,2260,2260,DeShawn Sims made Three Point Jumper.,7,4,3,28,0.5703649781600648,0.5703649781600648,Michigan,Radford,4,4,NA,273130130,2007-11-09
13,1,17:12,2232,2232,Foul on Amir Johnson,7,4,3,12,0.5713071075419746,0.5713071075419746,Michigan,Radford,4,4,NA,273130130,2007-11-09
14,1,17:00,2220,2220,DeShawn Sims missed Three Point Jumper.,7,4,3,0,0.571713260398693,0.571713260398693,Michigan,Radford,4,4,NA,273130130,2007-11-09
15,1,17:00,2220,2220,Duane Ricks Defensive Rebound.,7,4,3,13,0.571713260398693,0.571713260398693,Michigan,Radford,4,4,NA,273130130,2007-11-09
16,1,16:47,2207,2207,Kenny Thomas missed Three Point Jumper.,7,4,3,0,0.5721546479324662,0.5721546479324662,Michigan,Radford,4,4,NA,273130130,2007-11-09
17,1,16:47,2207,2207,Joey Lynch-Flohr Offensive Rebound.,7,4,3,7,0.5721546479324662,0.5721546479324662,Michigan,Radford,4,4,NA,273130130,2007-11-09
18,1,16:40,2200,2200,Amir Johnson made Three Point Jumper.,7,7,0,30,0.5,0.5,Michigan,Radford,4,4,NA,273130130,2007-11-09
19,1,16:10,2170,2170,Ron Coleman missed Two Point Jumper.,7,7,0,2,0.5,0.5,Michigan,Radford,4,4,NA,273130130,2007-11-09
20,1,16:08,2168,2168,Zack Gibson Offensive Rebound.,7,7,0,0,0.5,0.5,Michigan,Radford,4,4,NA,273130130,2007-11-09
21,1,16:08,2168,2168,Zack Gibson made Two Point Layup.,9,7,2,28,0.5491883068455469,0.5491883068455469,Michigan,Radford,4,4,NA,273130130,2007-11-09
22,1,15:40,2140,2140,DeShawn Sims made Two Point Dunk Shot.,11,7,4,22,0.59869625318022,0.59869625318022,Michigan,Radford,4,4,NA,273130130,2007-11-09
23,1,15:18,2118,2118,Official TV Timeout.,11,7,4,19,0.5996963085804932,0.5996963085804932,Michigan,Radford,4,4,NA,273130130,2007-11-09
24,1,14:59,2099,2099,Ron Coleman missed Two Point Jumper.,11,7,4,0,0.60056623467377,0.60056623467377,Michigan,Radford,4,4,NA,273130130,2007-11-09
25,1,14:59,2099,2099,DeShawn Sims Offensive Rebound.,11,7,4,5,0.60056623467377,0.60056623467377,Michigan,Radford,4,4,NA,273130130,2007-11-09
26,1,14:54,2094,2094,DeShawn Sims made Two Point Layup.,13,7,6,0,0.648664825823498,0.648664825823498,Michigan,Radford,4,4,NA,273130130,2007-11-09
27,1,14:54,2094,2094,Foul on Joey Lynch-Flohr,13,7,6,0,0.648664825823498,0.648664825823498,Michigan,Radford,4,4,NA,273130130,2007-11-09
28,1,14:54,2094,2094,DeShawn Sims missed Free Throw.,13,7,6,0,0.648664825823498,0.648664825823498,Michigan,Radford,4,4,NA,273130130,2007-11-09
29,1,14:54,2094,2094,Joey Lynch-Flohr Defensive Rebound.,13,7,6,12,0.648664825823498,0.648664825823498,Michigan,Radford,4,4,NA,273130130,2007-11-09
30,1,14:42,2082,2082,Martell McDuffy made Three Point Jumper.,13,10,3,19,0.5764750287881344,0.5764750287881344,Michigan,Radford,4,4,NA,273130130,2007-11-09
31,1,14:23,2063,2063,Manny Harris missed Three Point Jumper.,13,10,3,0,0.5771489308068657,0.5771489308068657,Michigan,Radford,4,4,NA,273130130,2007-11-09
32,1,14:23,2063,2063,Zack Gibson Offensive Rebound.,13,10,3,4,0.5771489308068657,0.5771489308068657,Michigan,Radford,4,4,NA,273130130,2007-11-09
33,1,14:19,2059,2059,Foul on Eric Hall,13,10,3,0,0.5772915087564111,0.5772915087564111,Michigan,Radford,4,4,NA,273130130,2007-11-09
34,1,14:19,2059,2059,Zack Gibson made Free Throw.,14,10,4,0,0.6024185723153839,0.6024185723153839,Michigan,Radford,4,4,NA,273130130,2007-11-09
35,1,14:19,2059,2059,Zack Gibson made Free Throw.,15,10,5,22,0.6270170277326002,0.6270170277326002,Michigan,Radford,4,4,NA,273130130,2007-11-09
36,1,13:57,2037,2037,Eric Hall made Two Point Jumper.,15,12,3,32,0.5780802725687688,0.5780802725687688,Michigan,Radford,4,4,NA,273130130,2007-11-09
37,1,13:25,2005,2005,Kelvin Grady missed Three Point Jumper.,15,12,3,0,0.579242228814988,0.579242228814988,Michigan,Radford,4,4,NA,273130130,2007-11-09
38,1,13:25,2005,2005,Kelvin Grady Offensive Rebound.,15,12,3,9,0.579242228814988,0.579242228814988,Michigan,Radford,4,4,NA,273130130,2007-11-09
39,1,13:16,1996,1996,DeShawn Sims missed Two Point Jumper.,15,12,3,0,0.5795723481879878,0.5795723481879878,Michigan,Radford,4,4,NA,273130130,2007-11-09
40,1,13:16,1996,1996,Eric Hall Defensive Rebound.,15,12,3,7,0.5795723481879878,0.5795723481879878,Michigan,Radford,4,4,NA,273130130,2007-11-09
41,1,13:09,1989,1989,Martell McDuffy missed Three Point Jumper.,15,12,3,0,0.5798301585044262,0.5798301585044262,Michigan,Radford,4,4,NA,273130130,2007-11-09
42,1,13:09,1989,1989,Ron Coleman Defensive Rebound.,15,12,3,10,0.5798301585044262,0.5798301585044262,Michigan,Radford,4,4,NA,273130130,2007-11-09
43,1,12:59,1979,1979,Kelvin Grady missed Two Point Jumper.,15,12,3,0,0.5802000895021867,0.5802000895021867,Michigan,Radford,4,4,NA,273130130,2007-11-09
44,1,12:59,1979,1979,Martell McDuffy Defensive Rebound.,15,12,3,16,0.5802000895021867,0.5802000895021867,Michigan,Radford,4,4,NA,273130130,2007-11-09
45,1,12:43,1963,1963,Kenny Thomas missed Two Point Layup.,15,12,3,0,0.5807960794663443,0.5807960794663443,Michigan,Radford,4,4,NA,273130130,2007-11-09
46,1,12:43,1963,1963,Kenny Thomas Offensive Rebound.,15,12,3,0,0.5807960794663443,0.5807960794663443,Michigan,Radford,4,4,NA,273130130,2007-11-09
47,1,12:43,1963,1963,Foul on Ekpe Udoh,15,12,3,0,0.5807960794663443,0.5807960794663443,Michigan,Radford,4,4,NA,273130130,2007-11-09
48,1,12:43,1963,1963,Kenny Thomas missed Free Throw.,15,12,3,0,0.5807960794663443,0.5807960794663443,Michigan,Radford,4,4,NA,273130130,2007-11-09
49,1,12:43,1963,1963,null,15,12,3,0,0.5807960794663443,0.5807960794663443,Michigan,Radford,4,4,NA,273130130,2007-11-09
50,1,12:43,1963,1963,Kenny Thomas missed Free Throw.,15,12,3,0,0.5807960794663443,0.5807960794663443,Michigan,Radford,4,4,NA,273130130,2007-11-09
51,1,12:43,1963,1963,Anthony Wright Defensive Rebound.,15,12,3,13,0.5807960794663443,0.5807960794663443,Michigan,Radford,4,4,NA,273130130,2007-11-09
52,1,12:30,1950,1950,Manny Harris made Two Point Layup.,17,12,5,6,0.6333801550301884,0.6333801550301884,Michigan,Radford,4,4,NA,273130130,2007-11-09
53,1,12:24,1944,1944,Foul on K'Len Morris,17,12,5,27,0.633740194453431,0.633740194453431,Michigan,Radford,4,4,NA,273130130,2007-11-09
54,1,11:57,1917,1917,Cole Wilder missed Three Point Jumper.,17,12,5,0,0.6353704989477953,0.6353704989477953,Michigan,Radford,4,4,NA,273130130,2007-11-09
55,1,11:57,1917,1917,Joey Lynch-Flohr Offensive Rebound.,17,12,5,31,0.6353704989477953,0.6353704989477953,Michigan,Radford,4,4,NA,273130130,2007-11-09
56,1,11:26,1886,1886,Jamar Jenkins missed Two Point Jumper.,17,12,5,0,0.6372378581825605,0.6372378581825605,Michigan,Radford,4,4,NA,273130130,2007-11-09
57,1,11:26,1886,1886,Ekpe Udoh Defensive Rebound.,17,12,5,10,0.6372378581825605,0.6372378581825605,Michigan,Radford,4,4,NA,273130130,2007-11-09
58,1,11:16,1876,1876,Ron Coleman missed Three Point Jumper.,17,12,5,0,0.6378396023547469,0.6378396023547469,Michigan,Radford,4,4,NA,273130130,2007-11-09
59,1,11:16,1876,1876,Kenny Thomas Defensive Rebound.,17,12,5,19,0.6378396023547469,0.6378396023547469,Michigan,Radford,4,4,NA,273130130,2007-11-09
60,1,10:57,1857,1857,Official TV Timeout.,17,12,5,10,0.63898404053149,0.63898404053149,Michigan,Radford,4,4,NA,273130130,2007-11-09
61,1,10:47,1847,1847,K'Len Morris made Three Point Jumper.,20,12,8,24,0.7145772570816257,0.7145772570816257,Michigan,Radford,4,4,NA,273130130,2007-11-09
62,1,10:23,1823,1823,Joey Lynch-Flohr made Two Point Jumper.,20,14,6,13,0.6672713483463858,0.6672713483463858,Michigan,Radford,4,4,NA,273130130,2007-11-09
63,1,10:10,1810,1810,Anthony Wright made Three Point Jumper.,23,14,9,6,0.7407767713372244,0.7407767713372244,Michigan,Radford,4,4,NA,273130130,2007-11-09
64,1,10:04,1804,1804,Foul on C.J. Lee,23,14,9,17,0.7413289495315527,0.7413289495315527,Michigan,Radford,4,4,NA,273130130,2007-11-09
65,1,9:47,1787,1787,Amir Johnson missed Three Point Jumper.,23,14,9,0,0.7428993501038246,0.7428993501038246,Michigan,Radford,4,4,NA,273130130,2007-11-09
66,1,9:47,1787,1787,K'Len Morris Defensive Rebound.,23,14,9,9,0.7428993501038246,0.7428993501038246,Michigan,Radford,4,4,NA,273130130,2007-11-09
67,1,9:38,1778,1778,Anthony Wright missed Three Point Jumper.,23,14,9,0,0.7437348850815992,0.7437348850815992,Michigan,Radford,4,4,NA,273130130,2007-11-09
68,1,9:38,1778,1778,Joey Lynch-Flohr Defensive Rebound.,23,14,9,1,0.7437348850815992,0.7437348850815992,Michigan,Radford,4,4,NA,273130130,2007-11-09
69,1,9:37,1777,1777,Foul on DeShawn Sims,23,14,9,23,0.7438279215881052,0.7438279215881052,Michigan,Radford,4,4,NA,273130130,2007-11-09
70,1,9:14,1754,1754,Kenny Thomas made Three Point Jumper.,23,17,6,14,0.6722086131863931,0.6722086131863931,Michigan,Radford,4,4,NA,273130130,2007-11-09
71,1,9:00,1740,1740,Foul on Amir Johnson,23,17,6,19,0.673235437000404,0.673235437000404,Michigan,Radford,4,4,NA,273130130,2007-11-09
72,1,8:41,1721,1721,Ekpe Udoh made Two Point Layup.,25,17,8,20,0.7255915920781181,0.7255915920781181,Michigan,Radford,4,4,NA,273130130,2007-11-09
73,1,8:21,1701,1701,Martell McDuffy missed Two Point Jumper.,25,17,8,0,0.7274164908860754,0.7274164908860754,Michigan,Radford,4,4,NA,273130130,2007-11-09
74,1,8:21,1701,1701,DeShawn Sims Defensive Rebound.,25,17,8,9,0.7274164908860754,0.7274164908860754,Michigan,Radford,4,4,NA,273130130,2007-11-09
75,1,8:12,1692,1692,Anthony Wright missed Three Point Jumper.,25,17,8,0,0.7282475602824389,0.7282475602824389,Michigan,Radford,4,4,NA,273130130,2007-11-09
76,1,8:12,1692,1692,Martell McDuffy Defensive Rebound.,25,17,8,13,0.7282475602824389,0.7282475602824389,Michigan,Radford,4,4,NA,273130130,2007-11-09
77,1,7:59,1679,1679,Joey Lynch-Flohr made Two Point Dunk Shot.,25,19,6,17,0.6778382759791461,0.6778382759791461,Michigan,Radford,4,4,NA,273130130,2007-11-09
78,1,7:42,1662,1662,K'Len Morris missed Three Point Jumper.,25,19,6,0,0.6791073347786477,0.6791073347786477,Michigan,Radford,4,4,NA,273130130,2007-11-09
79,1,7:42,1662,1662,Ekpe Udoh Offensive Rebound.,25,19,6,5,0.6791073347786477,0.6791073347786477,Michigan,Radford,4,4,NA,273130130,2007-11-09
80,1,7:37,1657,1657,Ekpe Udoh made Two Point Jumper.,27,19,8,9,0.7314151162674083,0.7314151162674083,Michigan,Radford,4,4,NA,273130130,2007-11-09
81,1,7:28,1648,1648,Chris McEachin missed Two Point Jumper.,27,19,8,0,0.7322045467745883,0.7322045467745883,Michigan,Radford,4,4,NA,273130130,2007-11-09
82,1,7:28,1648,1648,C.J. Lee Defensive Rebound.,27,19,8,15,0.7322045467745883,0.7322045467745883,Michigan,Radford,4,4,NA,273130130,2007-11-09
83,1,7:13,1633,1633,DeShawn Sims made Two Point Dunk Shot.,29,19,10,1,0.7799869274552761,0.7799869274552761,Michigan,Radford,4,4,NA,273130130,2007-11-09
84,1,7:12,1632,1632,Foul on Nick McFarlin,29,19,10,0,0.7800812842970255,0.7800812842970255,Michigan,Radford,4,4,NA,273130130,2007-11-09
85,1,7:12,1632,1632,Official TV Timeout.,29,19,10,0,0.7800812842970255,0.7800812842970255,Michigan,Radford,4,4,NA,273130130,2007-11-09
86,1,7:12,1632,1632,DeShawn Sims made Free Throw.,30,19,11,27,0.801031560815834,0.801031560815834,Michigan,Radford,4,4,NA,273130130,2007-11-09
87,1,6:45,1605,1605,Foul on Manny Harris,30,19,11,11,0.8036072558041336,0.8036072558041336,Michigan,Radford,4,4,NA,273130130,2007-11-09
88,1,6:34,1594,1594,Nick McFarlin made Two Point Layup.,30,21,9,40,0.7610076417109729,0.7610076417109729,Michigan,Radford,4,4,NA,273130130,2007-11-09
89,1,5:54,1554,1554,Zack Gibson Offensive Rebound.,30,21,9,18,0.7645938368335409,0.7645938368335409,Michigan,Radford,4,4,NA,273130130,2007-11-09
90,1,5:36,1536,1536,K'Len Morris Defensive Rebound.,30,21,9,27,0.7662341969787304,0.7662341969787304,Michigan,Radford,4,4,NA,273130130,2007-11-09
91,1,5:09,1509,1509,Foul on DeShawn Sims,30,21,9,31,0.7687549699383451,0.7687549699383451,Michigan,Radford,4,4,NA,273130130,2007-11-09
92,1,4:38,1478,1478,Foul on Duane Ricks,30,21,9,65,0.7717757171057092,0.7717757171057092,Michigan,Radford,4,4,NA,273130130,2007-11-09
93,1,3:33,1413,1413,Foul on Zack Gibson,30,21,9,0,0.7784122460383648,0.7784122460383648,Michigan,Radford,4,4,NA,273130130,2007-11-09
94,1,3:33,1413,1413,Official TV Timeout.,30,21,9,176,0.7784122460383648,0.7784122460383648,Michigan,Radford,4,4,NA,273130130,2007-11-09
95,1,0:37,1237,1237,Foul on Zack Gibson,30,21,9,37,0.795825558915152,0.795825558915152,Michigan,Radford,4,4,NA,273130130,2007-11-09
96,1,0:00,1200,1200,End of the 1st Half.,30,21,9,0,0.8002839754918194,0.8002839754918194,Michigan,Radford,4,4,NA,273130130,2007-11-09
97,2,20:00,1200,1200,PLAY,30,21,9,81,0.8002839754918194,0.8002839754918194,Michigan,Radford,4,4,NA,273130130,2007-11-09
98,2,18:39,1119,1119,Foul on Zack Gibson,30,21,9,129,0.8095122174017272,0.8095122174017272,Michigan,Radford,4,4,NA,273130130,2007-11-09
99,2,16:30,990,990,Foul on Duane Ricks,30,21,9,195,0.8252418638852907,0.8252418638852907,Michigan,Radford,4,4,NA,273130130,2007-11-09
100,2,13:15,795,795,Official TV Timeout.,30,21,9,90,0.8489159326123752,0.8489159326123752,Michigan,Radford,4,4,NA,273130130,2007-11-09
101,2,11:45,705,705,Official TV Timeout.,30,21,9,226,0.8639707667084364,0.8639707667084364,Michigan,Radford,4,4,NA,273130130,2007-11-09
102,2,7:59,479,479,Official TV Timeout.,30,21,9,264,0.9025962893972925,0.9025962893972925,Michigan,Radford,4,4,NA,273130130,2007-11-09
103,2,3:35,215,215,Official TV Timeout.,30,21,9,215,0.9473196398358118,0.9473196398358118,Michigan,Radford,4,4,NA,273130130,2007-11-09
104,2,0:00,0,0,End Game,30,21,9,0,1,1,Michigan,Radford,4,4,NA,273130130,2007-11-09
