play_id,half,time_remaining_half,secs_remaining,secs_remaining_absolute,description,home_score,away_score,score_diff,play_length,win_prob,naive_win_prob,home,away,home_time_out_remaining,away_time_out_remaining,home_favored_by,game_id,date
1,1,20:00,2400,2700,PLAY,0,0,0,8,0.5,0.5,Pennsylvania,Drexel,6,6,NA,273130219,2007-11-09
2,1,19:52,2392,2692,Tramayne Hawthorne made Two Point Jumper.,0,2,-2,51,0.45580583942841074,0.45580583942841074,Pennsylvania,Drexel,6,6,NA,273130219,2007-11-09
3,1,19:01,2341,2641,Randy Oveneke missed Two Point Jumper.,0,2,-2,0,0.45471402389215027,0.45471402389215027,Pennsylvania,Drexel,6,6,NA,273130219,2007-11-09
4,1,19:01,2341,2641,Drexel Offensive Rebound.,0,2,-2,1,0.45471402389215027,0.45471402389215027,Pennsylvania,Drexel,6,6,NA,273130219,2007-11-09
5,1,19:00,2340,2640,Foul on Brian Grandieri,0,2,-2,5,0.4546922706473648,0.4546922706473648,Pennsylvania,Drexel,6,6,NA,273130219,2007-11-09
6,1,18:55,2335,2635,Tramayne Hawthorne made Three Point Jumper.  Assisted by Jamie Harris.,0,5,-5,24,0.38807239371517926,0.38807239371517926,Pennsylvania,Drexel,6,6,NA,273130219,2007-11-09
7,1,18:31,2311,2611,Darren Smith missed Two Point Jumper.,0,5,-5,0,0.38681101768829973,0.38681101768829973,Pennsylvania,Drexel,6,6,NA,273130219,2007-11-09
8,1,18:31,2311,2611,Darren Smith Offensive Rebound.,0,5,-5,8,0.38681101768829973,0.38681101768829973,Pennsylvania,Drexel,6,6,NA,273130219,2007-11-09
9,1,18:23,2303,2603,Foul on Jamie Harris,0,5,-5,0,0.38638744441900696,0.38638744441900696,Pennsylvania,Drexel,6,6,NA,273130219,2007-11-09
10,1,18:23,2303,2603,Darren Smith made Free Throw.,1,5,-4,0,0.4085365553951115,0.4085365553951115,Pennsylvania,Drexel,6,6,NA,273130219,2007-11-09
11,1,18:23,2303,2603,Darren Smith missed Free Throw.,1,5,-4,0,0.4085365553951115,0.4085365553951115,Pennsylvania,Drexel,6,6,NA,273130219,2007-11-09
12,1,18:23,2303,2603,Frank Elegar Defensive Rebound.,1,5,-4,19,0.4085365553951115,0.4085365553951115,Pennsylvania,Drexel,6,6,NA,273130219,2007-11-09
13,1,18:04,2284,2584,Cameron Lewis Steal.,1,5,-4,5,0.40771157881454945,0.40771157881454945,Pennsylvania,Drexel,6,6,NA,273130219,2007-11-09
14,1,17:59,2279,2579,Foul on Brian Grandieri,1,5,-4,31,0.407493417154684,0.407493417154684,Pennsylvania,Drexel,6,6,NA,273130219,2007-11-09
15,1,17:28,2248,2548,Tramayne Hawthorne Steal.,1,5,-4,1,0.40613199994493576,0.40613199994493576,Pennsylvania,Drexel,6,6,NA,273130219,2007-11-09
16,1,17:27,2247,2547,Foul on Cameron Lewis,1,5,-4,0,0.406087851051211,0.406087851051211,Pennsylvania,Drexel,6,6,NA,273130219,2007-11-09
17,1,17:27,2247,2547,Frank Elegar made Free Throw.,1,6,-5,0,0.38338565476517833,0.38338565476517833,Pennsylvania,Drexel,6,6,NA,273130219,2007-11-09
18,1,17:27,2247,2547,Frank Elegar made Free Throw.,1,7,-6,17,0.3611807928136947,0.3611807928136947,Pennsylvania,Drexel,6,6,NA,273130219,2007-11-09
19,1,17:10,2230,2530,Cameron Lewis made Two Point Dunk Shot.  Assisted by Darren Smith.,3,7,-4,19,0.40533535916766966,0.40533535916766966,Pennsylvania,Drexel,6,6,NA,273130219,2007-11-09
20,1,16:51,2211,2511,Randy Oveneke missed Two Point Jumper.,3,7,-4,0,0.40449039375625734,0.40449039375625734,Pennsylvania,Drexel,6,6,NA,273130219,2007-11-09
21,1,16:51,2211,2511,Jack Eggleston Defensive Rebound.,3,7,-4,21,0.40449039375625734,0.40449039375625734,Pennsylvania,Drexel,6,6,NA,273130219,2007-11-09
22,1,16:30,2190,2490,Aron Cohen made Three Point Jumper.,6,7,-1,17,0.47560159461785295,0.47560159461785295,Pennsylvania,Drexel,6,6,NA,273130219,2007-11-09
23,1,16:13,2173,2473,Tramayne Hawthorne made Three Point Jumper.,6,10,-4,27,0.40279073553399275,0.40279073553399275,Pennsylvania,Drexel,6,6,NA,273130219,2007-11-09
24,1,15:46,2146,2446,Foul on Randy Oveneke,6,10,-4,0,0.4015752262181732,0.4015752262181732,Pennsylvania,Drexel,6,6,NA,273130219,2007-11-09
25,1,15:46,2146,2446,Official TV Timeout.,6,10,-4,25,0.4015752262181732,0.4015752262181732,Pennsylvania,Drexel,6,6,NA,273130219,2007-11-09
26,1,15:21,2121,2421,Cameron Lewis missed Two Point Jumper.,6,10,-4,0,0.4004405061444931,0.4004405061444931,Pennsylvania,Drexel,6,6,NA,273130219,2007-11-09
27,1,15:21,2121,2421,Jamie Harris Defensive Rebound.,6,10,-4,8,0.4004405061444931,0.4004405061444931,Pennsylvania,Drexel,6,6,NA,273130219,2007-11-09
28,1,15:13,2113,2413,Tramayne Hawthorne made Three Point Jumper.  Assisted by Jamie Harris.,6,13,-7,5,0.32981662048292526,0.32981662048292526,Pennsylvania,Drexel,6,6,NA,273130219,2007-11-09
29,1,15:08,2108,2408,Foul on Frank Elegar,6,13,-7,0,0.3294480176564311,0.3294480176564311,Pennsylvania,Drexel,6,6,NA,273130219,2007-11-09
30,1,15:08,2108,2408,Michael Kach missed Free Throw.,6,13,-7,0,0.3294480176564311,0.3294480176564311,Pennsylvania,Drexel,6,6,NA,273130219,2007-11-09
31,1,15:08,2108,2408,null,6,13,-7,0,0.3294480176564311,0.3294480176564311,Pennsylvania,Drexel,6,6,NA,273130219,2007-11-09
32,1,15:08,2108,2408,Michael Kach made Free Throw.,7,13,-6,17,0.3522516231774655,0.3522516231774655,Pennsylvania,Drexel,6,6,NA,273130219,2007-11-09
33,1,14:51,2091,2391,Evan Neisler missed Two Point Jumper.,7,13,-6,0,0.3511382390001378,0.3511382390001378,Pennsylvania,Drexel,6,6,NA,273130219,2007-11-09
34,1,14:51,2091,2391,Frank Elegar Offensive Rebound.,7,13,-6,4,0.3511382390001378,0.3511382390001378,Pennsylvania,Drexel,6,6,NA,273130219,2007-11-09
35,1,14:47,2087,2387,Frank Elegar made Two Point Tip Shot.,7,15,-8,7,0.30570882700882673,0.30570882700882673,Pennsylvania,Drexel,6,6,NA,273130219,2007-11-09
36,1,14:40,2080,2380,Frank Elegar Steal.,7,15,-8,3,0.3051362285716462,0.3051362285716462,Pennsylvania,Drexel,6,6,NA,273130219,2007-11-09
37,1,14:37,2077,2377,Jamie Harris missed Two Point Layup.,7,15,-8,0,0.3048904776170252,0.3048904776170252,Pennsylvania,Drexel,6,6,NA,273130219,2007-11-09
38,1,14:37,2077,2377,Brennan Votel Defensive Rebound.,7,15,-8,7,0.3048904776170252,0.3048904776170252,Pennsylvania,Drexel,6,6,NA,273130219,2007-11-09
39,1,14:30,2070,2370,Darren Smith missed Three Point Jumper.,7,15,-8,0,0.30431621909758233,0.30431621909758233,Pennsylvania,Drexel,6,6,NA,273130219,2007-11-09
40,1,14:30,2070,2370,Cameron Lewis Offensive Rebound.,7,15,-8,7,0.30431621909758233,0.30431621909758233,Pennsylvania,Drexel,6,6,NA,273130219,2007-11-09
41,1,14:23,2063,2363,Cameron Lewis made Two Point Layup.,9,15,-6,8,0.34929021142681044,0.34929021142681044,Pennsylvania,Drexel,6,6,NA,273130219,2007-11-09
42,1,14:15,2055,2355,Tramayne Hawthorne made Three Point Jumper.  Assisted by Scott Rodgers.,9,18,-9,18,0.2815573614279822,0.2815573614279822,Pennsylvania,Drexel,6,6,NA,273130219,2007-11-09
43,1,13:57,2037,2337,Aron Cohen made Three Point Jumper.  Assisted by Cameron Lewis.,12,18,-6,14,0.34755694877141674,0.34755694877141674,Pennsylvania,Drexel,6,6,NA,273130219,2007-11-09
44,1,13:43,2023,2323,Evan Neisler missed Two Point Jumper.,12,18,-6,0,0.346616251463806,0.346616251463806,Pennsylvania,Drexel,6,6,NA,273130219,2007-11-09
45,1,13:43,2023,2323,Darren Smith Defensive Rebound.,12,18,-6,20,0.346616251463806,0.346616251463806,Pennsylvania,Drexel,6,6,NA,273130219,2007-11-09
46,1,13:23,2003,2303,Foul on Brennan Votel,12,18,-6,14,0.34526285190081135,0.34526285190081135,Pennsylvania,Drexel,6,6,NA,273130219,2007-11-09
47,1,13:09,1989,2289,Kenny Tribbett missed Two Point Jumper.,12,18,-6,0,0.34430848041341555,0.34430848041341555,Pennsylvania,Drexel,6,6,NA,273130219,2007-11-09
48,1,13:09,1989,2289,Andreas Schreiber Defensive Rebound.,12,18,-6,7,0.34430848041341555,0.34430848041341555,Pennsylvania,Drexel,6,6,NA,273130219,2007-11-09
49,1,13:02,1982,2282,Foul on Evan Neisler,12,18,-6,3,0.34382905445112866,0.34382905445112866,Pennsylvania,Drexel,6,6,NA,273130219,2007-11-09
50,1,12:59,1979,2279,Tyler Bernardini missed Two Point Jumper.,12,18,-6,4,0.3436231193803939,0.3436231193803939,Pennsylvania,Drexel,6,6,NA,273130219,2007-11-09
51,1,12:55,1975,2275,Gerald Colds Defensive Rebound.,12,18,-6,8,0.3433480983924526,0.3433480983924526,Pennsylvania,Drexel,6,6,NA,273130219,2007-11-09
52,1,12:47,1967,2267,Scott Rodgers missed Two Point Jumper.,12,18,-6,0,0.3427965256963899,0.3427965256963899,Pennsylvania,Drexel,6,6,NA,273130219,2007-11-09
53,1,12:47,1967,2267,Aron Cohen Defensive Rebound.,12,18,-6,18,0.3427965256963899,0.3427965256963899,Pennsylvania,Drexel,6,6,NA,273130219,2007-11-09
54,1,12:29,1949,2249,Evan Neisler missed Two Point Jumper.,12,18,-6,0,0.3415478397286148,0.3415478397286148,Pennsylvania,Drexel,6,6,NA,273130219,2007-11-09
55,1,12:29,1949,2249,Kenny Tribbett Offensive Rebound.,12,18,-6,2,0.3415478397286148,0.3415478397286148,Pennsylvania,Drexel,6,6,NA,273130219,2007-11-09
56,1,12:27,1947,2247,Foul on Andreas Schreiber,12,18,-6,0,0.34140842852354136,0.34140842852354136,Pennsylvania,Drexel,6,6,NA,273130219,2007-11-09
57,1,12:27,1947,2247,Kenny Tribbett made Free Throw.,12,19,-7,0,0.31723062899047566,0.31723062899047566,Pennsylvania,Drexel,6,6,NA,273130219,2007-11-09
58,1,12:27,1947,2247,Kenny Tribbett made Free Throw.,12,20,-8,16,0.29400069978618953,0.29400069978618953,Pennsylvania,Drexel,6,6,NA,273130219,2007-11-09
59,1,12:11,1931,2231,Remy Cofield missed Three Point Jumper.,12,20,-8,0,0.2926226688888968,0.2926226688888968,Pennsylvania,Drexel,6,6,NA,273130219,2007-11-09
60,1,12:11,1931,2231,Brennan Votel Offensive Rebound.,12,20,-8,5,0.2926226688888968,0.2926226688888968,Pennsylvania,Drexel,6,6,NA,273130219,2007-11-09
61,1,12:06,1926,2226,Brennan Votel missed Three Point Jumper.,12,20,-8,0,0.2921906586357105,0.2921906586357105,Pennsylvania,Drexel,6,6,NA,273130219,2007-11-09
62,1,12:06,1926,2226,Pennsylvania Offensive Rebound.,12,20,-8,5,0.2921906586357105,0.2921906586357105,Pennsylvania,Drexel,6,6,NA,273130219,2007-11-09
63,1,12:01,1921,2221,Foul on Evan Neisler,12,20,-8,0,0.29175936994518414,0.29175936994518414,Pennsylvania,Drexel,6,6,NA,273130219,2007-11-09
64,1,12:01,1921,2221,Tyler Bernardini made Free Throw.,13,20,-7,0,0.31518311225925755,0.31518311225925755,Pennsylvania,Drexel,6,6,NA,273130219,2007-11-09
65,1,12:01,1921,2221,Tyler Bernardini missed Free Throw.,13,20,-7,0,0.31518311225925755,0.31518311225925755,Pennsylvania,Drexel,6,6,NA,273130219,2007-11-09
66,1,12:01,1921,2221,Jamie Harris Defensive Rebound.,13,20,-7,19,0.31518311225925755,0.31518311225925755,Pennsylvania,Drexel,6,6,NA,273130219,2007-11-09
67,1,11:42,1902,2202,Randy Oveneke missed Two Point Layup.,13,20,-7,3,0.31368989284421717,0.31368989284421717,Pennsylvania,Drexel,6,6,NA,273130219,2007-11-09
68,1,11:39,1899,2199,Randy Oveneke Offensive Rebound.,13,20,-7,2,0.31345464243514115,0.31345464243514115,Pennsylvania,Drexel,6,6,NA,273130219,2007-11-09
69,1,11:37,1897,2197,Randy Oveneke made Two Point Layup.,13,22,-9,5,0.26718354156173607,0.26718354156173607,Pennsylvania,Drexel,6,6,NA,273130219,2007-11-09
70,1,11:32,1892,2192,Foul on Tramayne Hawthorne,13,22,-9,0,0.2667252484228324,0.2667252484228324,Pennsylvania,Drexel,6,6,NA,273130219,2007-11-09
71,1,11:32,1892,2192,Official TV Timeout.,13,22,-9,10,0.2667252484228324,0.2667252484228324,Pennsylvania,Drexel,6,6,NA,273130219,2007-11-09
72,1,11:22,1882,2182,Andreas Schreiber missed Three Point Jumper.,13,22,-9,0,0.26580991585495983,0.26580991585495983,Pennsylvania,Drexel,6,6,NA,273130219,2007-11-09
73,1,11:22,1882,2182,Jamie Harris Defensive Rebound.,13,22,-9,7,0.26580991585495983,0.26580991585495983,Pennsylvania,Drexel,6,6,NA,273130219,2007-11-09
74,1,11:15,1875,2175,Tramayne Hawthorne missed Three Point Jumper.,13,22,-9,0,0.2651699416405023,0.2651699416405023,Pennsylvania,Drexel,6,6,NA,273130219,2007-11-09
75,1,11:15,1875,2175,Brennan Votel Defensive Rebound.,13,22,-9,20,0.2651699416405023,0.2651699416405023,Pennsylvania,Drexel,6,6,NA,273130219,2007-11-09
76,1,10:55,1855,2155,Tramayne Hawthorne Steal.,13,22,-9,2,0.26334310159041263,0.26334310159041263,Pennsylvania,Drexel,6,6,NA,273130219,2007-11-09
77,1,10:53,1853,2153,Tramayne Hawthorne made Two Point Layup.,13,24,-11,28,0.22124812114150091,0.22124812114150091,Pennsylvania,Drexel,6,6,NA,273130219,2007-11-09
78,1,10:25,1825,2125,Andreas Schreiber made Two Point Jumper.,15,24,-9,10,0.26059992474183724,0.26059992474183724,Pennsylvania,Drexel,6,6,NA,273130219,2007-11-09
79,1,10:15,1815,2115,Aron Cohen Steal.,15,24,-9,3,0.2596826762045691,0.2596826762045691,Pennsylvania,Drexel,6,6,NA,273130219,2007-11-09
80,1,10:12,1812,2112,Brennan Votel made Two Point Layup.  Assisted by Aron Cohen.,17,24,-7,17,0.3066283422509875,0.3066283422509875,Pennsylvania,Drexel,6,6,NA,273130219,2007-11-09
81,1,9:55,1795,2095,Gerald Colds made Three Point Jumper.,17,27,-10,20,0.23600824290923308,0.23600824290923308,Pennsylvania,Drexel,6,6,NA,273130219,2007-11-09
82,1,9:35,1775,2075,Tyler Bernardini missed Two Point Jumper.,17,27,-10,2,0.23406716791062634,0.23406716791062634,Pennsylvania,Drexel,6,6,NA,273130219,2007-11-09
83,1,9:33,1773,2073,Frank Elegar Defensive Rebound.,17,27,-10,6,0.2338722539213058,0.2338722539213058,Pennsylvania,Drexel,6,6,NA,273130219,2007-11-09
84,1,9:27,1767,2067,Foul on Remy Cofield,17,27,-10,4,0.23328652026429497,0.23328652026429497,Pennsylvania,Drexel,6,6,NA,273130219,2007-11-09
85,1,9:23,1763,2063,Gerald Colds made Three Point Jumper.  Assisted by Jamie Harris.,17,30,-13,8,0.17513746437577282,0.17513746437577282,Pennsylvania,Drexel,6,6,NA,273130219,2007-11-09
86,1,9:15,1755,2055,Darren Smith missed Three Point Jumper.,17,30,-13,0,0.1743129031210809,0.1743129031210809,Pennsylvania,Drexel,6,6,NA,273130219,2007-11-09
87,1,9:15,1755,2055,Pennsylvania Offensive Rebound.,17,30,-13,1,0.1743129031210809,0.1743129031210809,Pennsylvania,Drexel,6,6,NA,273130219,2007-11-09
88,1,9:14,1754,2054,Foul on Randy Oveneke,17,30,-13,0,0.17420968388575128,0.17420968388575128,Pennsylvania,Drexel,6,6,NA,273130219,2007-11-09
89,1,9:14,1754,2054,Justin Reilly missed Free Throw.,17,30,-13,0,0.17420968388575128,0.17420968388575128,Pennsylvania,Drexel,6,6,NA,273130219,2007-11-09
90,1,9:14,1754,2054,Frank Elegar Defensive Rebound.,17,30,-13,53,0.17420968388575128,0.17420968388575128,Pennsylvania,Drexel,6,6,NA,273130219,2007-11-09
91,1,8:21,1701,2001,Frank Elegar Steal.,17,30,-13,55,0.16867801249715197,0.16867801249715197,Pennsylvania,Drexel,6,6,NA,273130219,2007-11-09
92,1,7:26,1646,1946,Official TV Timeout.,17,30,-13,45,0.1630197267195817,0.1630197267195817,Pennsylvania,Drexel,6,6,NA,273130219,2007-11-09
93,1,6:41,1601,1901,Tramayne Hawthorne Steal.,17,30,-13,116,0.1586896961825776,0.1586896961825776,Pennsylvania,Drexel,6,6,NA,273130219,2007-11-09
94,1,4:45,1485,1785,Harrison Gaines Steal.,17,30,-13,66,0.14752358644541985,0.14752358644541985,Pennsylvania,Drexel,6,6,NA,273130219,2007-11-09
95,1,3:39,1419,1719,Official TV Timeout.,17,30,-13,100,0.14064741461526506,0.14064741461526506,Pennsylvania,Drexel,6,6,NA,273130219,2007-11-09
96,1,1:59,1319,1619,Scott Rodgers Steal.,17,30,-13,76,0.13119376292057247,0.13119376292057247,Pennsylvania,Drexel,6,6,NA,273130219,2007-11-09
97,1,0:43,1243,1543,Drexel 20 Second Timeout.,17,30,-13,26,0.12357869420486277,0.12357869420486277,Pennsylvania,Drexel,6,5,NA,273130219,2007-11-09
98,1,0:17,1217,1517,Pennsylvania 20 Second Timeout.,17,30,-13,17,0.12066498316321538,0.12066498316321538,Pennsylvania,Drexel,6,4,NA,273130219,2007-11-09
99,1,0:00,1200,1500,End of the 1st Half.,17,30,-13,0,0.11867997550573603,0.11867997550573603,Pennsylvania,Drexel,6,4,NA,273130219,2007-11-09
100,2,20:00,1200,1500,PLAY,17,30,-13,74,0.11867997550573603,0.11867997550573603,Pennsylvania,Drexel,6,4,NA,273130219,2007-11-09
101,2,18:46,1126,1426,Jamie Harris Steal.,17,30,-13,116,0.11079569060016431,0.11079569060016431,Pennsylvania,Drexel,6,4,NA,273130219,2007-11-09
102,2,16:50,1010,1310,Cameron Lewis Steal.,17,30,-13,22,0.09843495153285202,0.09843495153285202,Pennsylvania,Drexel,6,4,NA,273130219,2007-11-09
103,2,16:28,988,1288,Pennsylvania 20 Second Timeout.,17,30,-13,42,0.09577920761399462,0.09577920761399462,Pennsylvania,Drexel,6,3,NA,273130219,2007-11-09
104,2,15:46,946,1246,Official TV Timeout.,17,30,-13,171,0.09061442178384026,0.09061442178384026,Pennsylvania,Drexel,6,3,NA,273130219,2007-11-09
105,2,12:55,775,1075,Pennsylvania 20 Second Timeout.,17,30,-13,100,0.07406484041094619,0.07406484041094619,Pennsylvania,Drexel,6,2,NA,273130219,2007-11-09
106,2,11:15,675,975,Official TV Timeout.,17,30,-13,179,0.06149433201311955,0.06149433201311955,Pennsylvania,Drexel,6,2,NA,273130219,2007-11-09
107,2,8:16,496,796,Scott Rodgers Steal.,17,30,-13,77,0.040345620730219425,0.040345620730219425,Pennsylvania,Drexel,6,2,NA,273130219,2007-11-09
108,2,6:59,419,719,Official TV Timeout.,17,30,-13,11,0.030208994051345847,0.030208994051345847,Pennsylvania,Drexel,6,2,NA,273130219,2007-11-09
109,2,6:48,408,708,Michael Kach Steal.,17,30,-13,57,0.028664672413259276,0.028664672413259276,Pennsylvania,Drexel,6,2,NA,273130219,2007-11-09
110,2,5:51,351,651,Brian Grandieri Steal.,17,30,-13,57,0.021599928953774113,0.021599928953774113,Pennsylvania,Drexel,6,2,NA,273130219,2007-11-09
111,2,4:54,294,594,Pennsylvania 20 Second Timeout.,17,30,-13,36,0.014523262251890783,0.014523262251890783,Pennsylvania,Drexel,6,1,NA,273130219,2007-11-09
112,2,4:18,258,558,Aron Cohen Steal.,17,30,-13,34,0.01571547042792193,0.01571547042792193,Pennsylvania,Drexel,6,1,NA,273130219,2007-11-09
113,2,3:44,224,524,Official TV Timeout.,17,30,-13,76,0.01611954580997241,0.01611954580997241,Pennsylvania,Drexel,6,1,NA,273130219,2007-11-09
114,2,2:28,148,448,Drexel 20 Second Timeout.,17,30,-13,60,0.002903136176688885,0.002903136176688885,Pennsylvania,Drexel,6,0,NA,273130219,2007-11-09
115,2,1:28,88,388,Pennsylvania 20 Second Timeout.,17,30,-13,27,1.9041942070704005e-4,1.9041942070704005e-4,Pennsylvania,Drexel,6,-1,NA,273130219,2007-11-09
116,2,1:01,61,361,Drexel 20 Second Timeout.,17,30,-13,39,3.4021264945391627e-5,3.4021264945391627e-5,Pennsylvania,Drexel,6,-2,NA,273130219,2007-11-09
117,2,0:22,22,322,Pennsylvania 20 Second Timeout.,17,30,-13,22,1.6882344688643834e-6,1.6882344688643834e-6,Pennsylvania,Drexel,6,-3,NA,273130219,2007-11-09
118,2,0:00,300,300,End of the 2nd Half.,17,30,-13,0,0.014804564858073839,0.014804564858073839,Pennsylvania,Drexel,6,-3,NA,273130219,2007-11-09
119,3,5:00,300,300,PLAY,17,30,-13,68,0.014804564858073839,0.014804564858073839,Pennsylvania,Drexel,7,-2,NA,273130219,2007-11-09
120,3,3:52,232,232,Brian Grandieri Steal.,17,30,-13,129,0.0165036782679307,0.0165036782679307,Pennsylvania,Drexel,7,-2,NA,273130219,2007-11-09
121,3,1:43,103,103,Frank Elegar Steal.,17,30,-13,29,4.4315227274620267e-4,4.4315227274620267e-4,Pennsylvania,Drexel,7,-2,NA,273130219,2007-11-09
122,3,1:14,74,74,Pennsylvania 20 Second Timeout.,17,30,-13,21,8.11409154006474e-5,8.11409154006474e-5,Pennsylvania,Drexel,7,-3,NA,273130219,2007-11-09
123,3,0:53,53,53,Drexel 20 Second Timeout.,17,30,-13,53,1.9349558738366e-5,1.9349558738366e-5,Pennsylvania,Drexel,7,-4,NA,273130219,2007-11-09
124,3,0:00,0,0,End Game,17,30,-13,0,1.2118104830828574e-113,1.2118104830828574e-113,Pennsylvania,Drexel,7,-4,NA,273130219,2007-11-09
