game_id,date,home,away,play_id,half,time_remaining_half,secs_remaining,secs_remaining_absolute,description,home_score,away_score,score_diff,play_length,win_prob,naive_win_prob,home_time_out_remaining,away_time_out_remaining,home_favored_by,shot_x,shot_y,shot_team,shot_outcome,shooter,assist,three_pt,free_throw,possession_before,possession_after
400986264,2018-02-17,Miami,Syracuse,1,1,20:00,2400,2400,PLAY,0,0,0,0,0.6587586416713004,0.5,4,4,4.1,NA,NA,NA,NA,NA,NA,NA,NA,NA,Syracuse
400986264,2018-02-17,Miami,Syracuse,3,1,19:00,2340,2340,Paschal Chukwu Offensive Rebound.,3,0,3,3,0.7163245991346666,0.5677296468698028,4,4,4.1,NA,NA,NA,NA,NA,NA,NA,NA,Syracuse,Syracuse
400986264,2018-02-17,Miami,Syracuse,4,1,18:54,2334,2334,Dejan Vasiljevic Steal.,3,0,3,6,0.7163995840505888,0.5679238011187568,4,4,4.1,NA,NA,NA,NA,NA,NA,NA,NA,Syracuse,Miami
400986264,2018-02-17,Miami,Syracuse,5,1,18:51,2331,2331,Paschal Chukwu Defensive Rebound.,3,0,3,3,0.7164370428190664,0.5680211159857175,4,4,4.1,NA,NA,NA,NA,NA,NA,NA,NA,Miami,Syracuse
400986264,2018-02-17,Miami,Syracuse,6,1,18:34,2314,2314,Dejan Vasiljevic Defensive Rebound.,3,0,3,17,0.7166487572827661,0.5685754445264711,4,4,4.1,NA,NA,NA,NA,NA,NA,NA,NA,Syracuse,Syracuse
400986264,2018-02-17,Miami,Syracuse,7,1,18:16,2296,2296,Paschal Chukwu Defensive Rebound.,3,0,3,18,0.7168715576164851,0.5691673982971774,4,4,4.1,NA,NA,NA,NA,NA,NA,NA,NA,Syracuse,Syracuse
400986264,2018-02-17,Miami,Syracuse,8,1,17:51,2271,2271,Anthony Lawrence II Defensive Rebound.,3,0,3,25,0.7171777395888119,0.5699972718782212,4,4,4.1,NA,NA,NA,NA,NA,NA,NA,NA,Syracuse,Syracuse
400986264,2018-02-17,Miami,Syracuse,9,1,17:47,2267,2267,Oshae Brissett Defensive Rebound.,3,0,3,4,0.7172262982338465,0.5701308127442787,4,4,4.1,NA,NA,NA,NA,NA,NA,NA,NA,Syracuse,Syracuse
400986264,2018-02-17,Miami,Syracuse,10,1,17:24,2244,2244,Anthony Lawrence II Steal.,3,0,3,23,0.717502742543063,0.5709023243373903,4,4,4.1,NA,NA,NA,NA,NA,NA,NA,NA,Syracuse,Miami
400986264,2018-02-17,Miami,Syracuse,11,1,17:23,2243,2243,Chris Lykes made Free Throw.,4,0,4,1,0.7364096437663137,0.5940888771738667,4,4,4.1,NA,NA,Miami,made,Chris Lykes,NA,FALSE,TRUE,Miami,Miami
400986264,2018-02-17,Miami,Syracuse,12,1,17:23,2243,2243,Chris Lykes missed Free Throw.,4,0,4,0,0.7364096437663137,0.5940888771738667,4,4,4.1,NA,NA,Miami,missed,Chris Lykes,NA,FALSE,TRUE,Miami,Syracuse
400986264,2018-02-17,Miami,Syracuse,13,1,17:23,2243,2243,Syracuse Defensive Rebound.,4,0,4,0,0.7364096437663137,0.5940888771738667,4,4,4.1,NA,NA,NA,NA,NA,NA,NA,NA,Miami,Syracuse
400986264,2018-02-17,Miami,Syracuse,14,1,17:01,2221,2221,Dewan Huell Defensive Rebound.,4,0,4,22,0.7368539650765449,0.595064408949962,4,4,4.1,NA,NA,NA,NA,NA,NA,NA,NA,Syracuse,Syracuse
400986264,2018-02-17,Miami,Syracuse,15,1,16:35,2195,2195,Oshae Brissett Defensive Rebound.,4,0,4,26,0.7373727232453867,0.596223883198557,4,4,4.1,NA,NA,NA,NA,NA,NA,NA,NA,Syracuse,Syracuse
400986264,2018-02-17,Miami,Syracuse,17,1,15:58,2158,2158,Miami Offensive Rebound.,4,2,2,0,0.6979954983541078,0.5494197980081144,4,4,4.1,NA,NA,NA,NA,NA,NA,NA,NA,Syracuse,Syracuse
400986264,2018-02-17,Miami,Syracuse,18,1,15:45,2145,2145,Oshae Brissett Defensive Rebound.,4,2,2,13,0.6980121321780082,0.5497218799510991,4,4,4.1,NA,NA,NA,NA,NA,NA,NA,NA,Syracuse,Syracuse
400986264,2018-02-17,Miami,Syracuse,19,1,15:10,2110,2110,Oshae Brissett Defensive Rebound.,4,2,2,35,0.6980463692669578,0.5505421479818391,4,4,4.1,NA,NA,NA,NA,NA,NA,NA,NA,Syracuse,Syracuse
400986264,2018-02-17,Miami,Syracuse,20,1,14:55,2095,2095,Anthony Lawrence II Steal.,4,2,2,15,0.6980567064091373,0.5508970677165204,4,4,4.1,NA,NA,NA,NA,NA,NA,NA,NA,Syracuse,Miami
400986264,2018-02-17,Miami,Syracuse,21,1,14:48,2088,2088,Dewan Huell missed Free Throw.,4,2,2,7,0.6980607092359131,0.5510634392815655,4,4,4.1,NA,NA,Miami,missed,Dewan Huell,NA,FALSE,TRUE,Miami,Miami
400986264,2018-02-17,Miami,Syracuse,22,1,14:48,2088,2088,Miami Deadball Team Rebound.,4,2,2,0,0.6980607092359131,0.5510634392815655,4,4,4.1,NA,NA,NA,NA,NA,NA,NA,NA,Miami,Miami
400986264,2018-02-17,Miami,Syracuse,23,1,14:48,2088,2088,Dewan Huell made Free Throw.,5,2,3,0,0.7192136245719886,0.5762633298081224,4,4,4.1,NA,NA,Miami,made,Dewan Huell,NA,FALSE,TRUE,Miami,Miami
400986264,2018-02-17,Miami,Syracuse,25,1,12:38,1958,1958,Miami Offensive Rebound.,8,9,-1,0,0.6251045451676425,0.4727926015739934,4,4,4.1,NA,NA,NA,NA,NA,NA,NA,NA,Miami,Miami
400986264,2018-02-17,Miami,Syracuse,26,1,12:35,1955,1955,Marek Dolezaj Defensive Rebound.,8,9,-1,3,0.6249947807520297,0.47275415905318724,4,4,4.1,NA,NA,NA,NA,NA,NA,NA,NA,Miami,Miami
400986264,2018-02-17,Miami,Syracuse,28,1,11:34,1894,1894,Syracuse Offensive Rebound.,8,11,-3,1,0.5686990849810883,0.41658987410298953,4,4,4.1,NA,NA,NA,NA,NA,NA,NA,NA,Miami,Miami
400986264,2018-02-17,Miami,Syracuse,29,1,11:20,1880,1880,Syracuse Offensive Rebound.,8,11,-3,14,0.5677796855825519,0.41605856931960766,4,4,4.1,NA,NA,NA,NA,NA,NA,NA,NA,Miami,Miami
400986264,2018-02-17,Miami,Syracuse,30,1,10:55,1855,1855,Ja'Quan Newton missed Free Throw.,8,11,-3,25,0.5661223778365345,0.41510807829856994,4,4,4.1,NA,NA,Miami,missed,Ja'Quan Newton,NA,FALSE,TRUE,Miami,Miami
400986264,2018-02-17,Miami,Syracuse,31,1,10:55,1855,1855,Miami Deadball Team Rebound.,8,11,-3,0,0.5661223778365345,0.41510807829856994,4,4,4.1,NA,NA,NA,NA,NA,NA,NA,NA,Miami,Miami
400986264,2018-02-17,Miami,Syracuse,32,1,10:55,1855,1855,Ja'Quan Newton made Free Throw.,9,11,-2,0,0.5939560224039409,0.4430995317453636,4,4,4.1,NA,NA,Miami,made,Ja'Quan Newton,NA,FALSE,TRUE,Miami,Miami
400986264,2018-02-17,Miami,Syracuse,33,1,10:32,1832,1832,Ebuka Izundu Defensive Rebound.,9,11,-2,23,0.5927310736739803,0.44250385571185863,4,4,4.1,NA,NA,NA,NA,NA,NA,NA,NA,Miami,Miami
400986264,2018-02-17,Miami,Syracuse,34,1,10:20,1820,1820,Miami Offensive Rebound.,9,11,-2,12,0.5920850456714829,0.44219117356016835,4,4,4.1,NA,NA,NA,NA,NA,NA,NA,NA,Miami,Miami
400986264,2018-02-17,Miami,Syracuse,35,1,9:47,1787,1787,Frank Howard Block.,9,11,-2,33,0.590282565839324,0.4413220202407996,4,4,4.1,NA,NA,NA,NA,NA,NA,NA,NA,Miami,Miami
400986264,2018-02-17,Miami,Syracuse,36,1,9:45,1785,1785,Syracuse Defensive Rebound.,9,11,-2,2,0.5901720572425829,0.4412688230344889,4,4,4.1,NA,NA,NA,NA,NA,NA,NA,NA,Miami,Miami
400986264,2018-02-17,Miami,Syracuse,37,1,9:29,1769,1769,Miami Defensive Rebound.,9,11,-2,16,0.5892825665264487,0.440840726454833,4,4,4.1,NA,NA,NA,NA,NA,NA,NA,NA,Miami,Miami
400986264,2018-02-17,Miami,Syracuse,38,1,9:11,1751,1751,Tyus Battle Steal.,9,11,-2,18,0.5882700558679621,0.4403532040867342,4,4,4.1,NA,NA,NA,NA,NA,NA,NA,NA,Miami,Syracuse
400986264,2018-02-17,Miami,Syracuse,40,1,8:16,1696,1696,Oshae Brissett Offensive Rebound.,9,14,-5,28,0.49369127384529743,0.350936566303155,4,4,4.1,NA,NA,NA,NA,NA,NA,NA,NA,Syracuse,Syracuse
400986264,2018-02-17,Miami,Syracuse,41,1,8:02,1682,1682,Oshae Brissett made Two Point Tip Shot.,9,16,-7,14,0.4307713197854368,0.29595878355556327,4,4,4.1,NA,NA,Syracuse,made,Oshae Brissett,NA,FALSE,FALSE,Syracuse,Miami
400986264,2018-02-17,Miami,Syracuse,42,1,7:37,1657,1657,Bourama Sidibe Block.,9,16,-7,25,0.4275289268271469,0.2938854527806277,4,4,4.1,NA,NA,NA,NA,NA,NA,NA,NA,Miami,Miami
400986264,2018-02-17,Miami,Syracuse,43,1,7:37,1657,1657,Miami Deadball Team Rebound.,9,16,-7,0,0.4275289268271469,0.2938854527806277,4,4,4.1,NA,NA,NA,NA,NA,NA,NA,NA,Miami,Miami
400986264,2018-02-17,Miami,Syracuse,45,1,6:48,1608,1608,Bourama Sidibe Block.,11,16,-5,15,0.48458341645101427,0.34532926346492954,4,4,4.1,NA,NA,NA,NA,NA,NA,NA,NA,Syracuse,Syracuse
400986264,2018-02-17,Miami,Syracuse,46,1,6:45,1605,1605,Matthew Moyer Defensive Rebound.,11,16,-5,3,0.4842740596317636,0.34514439076209263,4,4,4.1,NA,NA,NA,NA,NA,NA,NA,NA,Syracuse,Syracuse
400986264,2018-02-17,Miami,Syracuse,47,1,6:37,1597,1597,Bourama Sidibe Offensive Rebound.,11,16,-5,8,0.4834479314544956,0.3446516381106799,4,4,4.1,NA,NA,NA,NA,NA,NA,NA,NA,Syracuse,Syracuse
400986264,2018-02-17,Miami,Syracuse,48,1,6:33,1593,1593,Bourama Sidibe missed Two Point Tip Shot.,11,16,-5,4,0.48303409552868476,0.3444052441426925,4,4,4.1,NA,NA,Syracuse,missed,Bourama Sidibe,NA,FALSE,FALSE,Syracuse,Miami
400986264,2018-02-17,Miami,Syracuse,49,1,6:33,1593,1593,Dejan Vasiljevic Defensive Rebound.,11,16,-5,0,0.48303409552868476,0.3444052441426925,4,4,4.1,NA,NA,NA,NA,NA,NA,NA,NA,Syracuse,Miami
400986264,2018-02-17,Miami,Syracuse,50,1,6:24,1584,1584,Tyus Battle Steal.,11,16,-5,9,0.48210063982937146,0.34385030654282556,4,4,4.1,NA,NA,NA,NA,NA,NA,NA,NA,Miami,Syracuse
400986264,2018-02-17,Miami,Syracuse,51,1,6:17,1577,1577,Dewan Huell Defensive Rebound.,11,16,-5,7,0.4813719890933787,0.34341769861763755,4,4,4.1,NA,NA,NA,NA,NA,NA,NA,NA,Syracuse,Miami
400986264,2018-02-17,Miami,Syracuse,52,1,5:25,1525,1525,Tyus Battle Defensive Rebound.,13,18,-5,52,0.4758495465553033,0.340134156497824,4,4,4.1,NA,NA,NA,NA,NA,NA,NA,NA,Miami,Miami
400986264,2018-02-17,Miami,Syracuse,53,1,5:15,1515,1515,Dewan Huell Defensive Rebound.,13,18,-5,10,0.474757699549453,0.33947987705900246,4,4,4.1,NA,NA,NA,NA,NA,NA,NA,NA,Miami,Miami
400986264,2018-02-17,Miami,Syracuse,54,1,5:07,1507,1507,Chris Lykes made Free Throw.,14,18,-4,8,0.5072502055931425,0.3694948178282831,4,4,4.1,NA,NA,Miami,made,Chris Lykes,NA,FALSE,TRUE,Miami,Miami
400986264,2018-02-17,Miami,Syracuse,55,1,5:07,1507,1507,Chris Lykes missed Free Throw.,14,18,-4,0,0.5072502055931425,0.3694948178282831,4,4,4.1,NA,NA,Miami,missed,Chris Lykes,NA,FALSE,TRUE,Miami,Syracuse
400986264,2018-02-17,Miami,Syracuse,56,1,5:07,1507,1507,Frank Howard Defensive Rebound.,14,18,-4,0,0.5072502055931425,0.3694948178282831,4,4,4.1,NA,NA,NA,NA,NA,NA,NA,NA,Miami,Syracuse
400986264,2018-02-17,Miami,Syracuse,57,1,4:04,1444,1444,Anthony Lawrence II Defensive Rebound.,16,20,-4,63,0.5009490992105309,0.3657697134168506,4,4,4.1,NA,NA,NA,NA,NA,NA,NA,NA,Syracuse,Miami
400986264,2018-02-17,Miami,Syracuse,58,1,3:47,1427,1427,Bourama Sidibe Steal.,16,20,-4,17,0.4992140103101059,0.3647388779417739,4,4,4.1,NA,NA,NA,NA,NA,NA,NA,NA,Miami,Syracuse
400986264,2018-02-17,Miami,Syracuse,59,1,3:16,1396,1396,Dewan Huell Defensive Rebound.,16,20,-4,31,0.49610435860068003,0.3629334043478855,4,4,4.1,NA,NA,NA,NA,NA,NA,NA,NA,Syracuse,Syracuse
400986264,2018-02-17,Miami,Syracuse,62,1,2:06,1326,1326,Syracuse Deadball Team Rebound.,21,20,1,0,0.66401894522724,0.5361805373525096,4,4,4.1,NA,NA,NA,NA,NA,NA,NA,NA,Syracuse,Syracuse
400986264,2018-02-17,Miami,Syracuse,63,1,2:06,1326,1326,Marek Dolezaj made Free Throw.,21,21,0,0,0.6309467128206055,0.5,4,4,4.1,NA,NA,Syracuse,made,Marek Dolezaj,NA,FALSE,TRUE,Syracuse,Miami
400986264,2018-02-17,Miami,Syracuse,64,1,1:12,1272,1272,Frank Howard Defensive Rebound.,23,23,0,54,0.6289685174980654,0.5,4,4,4.1,NA,NA,NA,NA,NA,NA,NA,NA,Miami,Miami
400986264,2018-02-17,Miami,Syracuse,65,1,0:49,1249,1249,Chris Lykes made Free Throw.,24,25,-1,23,0.592410576969194,0.462512318079211,4,4,4.1,NA,NA,Miami,made,Chris Lykes,NA,FALSE,TRUE,Miami,Miami
400986264,2018-02-17,Miami,Syracuse,66,1,0:49,1249,1249,Chris Lykes made Free Throw.,25,25,0,0,0.6281228562098414,0.5,4,4,4.1,NA,NA,Miami,made,Chris Lykes,NA,FALSE,TRUE,Miami,Miami
400986264,2018-02-17,Miami,Syracuse,67,1,0:30,1230,1230,Dewan Huell Block.,25,25,0,19,0.6274252810831494,0.5,4,4,4.1,NA,NA,NA,NA,NA,NA,NA,NA,Miami,Miami
400986264,2018-02-17,Miami,Syracuse,68,1,0:29,1229,1229,Dewan Huell Defensive Rebound.,25,25,0,1,0.6273886191919135,0.5,4,4,4.1,NA,NA,NA,NA,NA,NA,NA,NA,Miami,Miami
400986264,2018-02-17,Miami,Syracuse,69,1,0:24,1224,1224,Dejan Vasiljevic Offensive Rebound.,25,25,0,5,0.6272054123500537,0.5,4,4,4.1,NA,NA,NA,NA,NA,NA,NA,NA,Miami,Miami
400986264,2018-02-17,Miami,Syracuse,70,1,0:05,1205,1205,Frank Howard Steal.,25,25,0,19,0.6265112632079819,0.5,4,4,4.1,NA,NA,NA,NA,NA,NA,NA,NA,Miami,Syracuse
400986264,2018-02-17,Miami,Syracuse,71,1,0:00,1200,1200,Syracuse Deadball Team Rebound.,25,25,0,5,0.6263294882637378,0.5,4,4,4.1,NA,NA,NA,NA,NA,NA,NA,NA,Syracuse,Syracuse
400986264,2018-02-17,Miami,Syracuse,72,1,0:00,1200,1200,End of 1st half,25,25,0,0,0.6263294882637378,0.5,4,4,4.1,NA,NA,NA,NA,NA,NA,NA,NA,Syracuse,NA
400986264,2018-02-17,Miami,Syracuse,73,2,20:00,1200,1200,PLAY,25,25,0,0,0.6263294882637378,0.5,4,4,4.1,NA,NA,NA,NA,NA,NA,NA,NA,NA,Syracuse
400986264,2018-02-17,Miami,Syracuse,74,2,19:49,1189,1189,Anthony Lawrence II Offensive Rebound.,25,25,0,11,0.625931093758801,0.5,4,4,4.1,NA,NA,NA,NA,NA,NA,NA,NA,Syracuse,Syracuse
400986264,2018-02-17,Miami,Syracuse,78,2,17:10,1030,1030,Oshae Brissett Defensive Rebound.,28,31,-3,5,0.49630691267554855,0.37632348714103175,4,4,4.1,NA,NA,NA,NA,NA,NA,NA,NA,Syracuse,Syracuse
400986264,2018-02-17,Miami,Syracuse,82,2,15:01,901,901,Dewan Huell Defensive Rebound.,28,38,-10,7,0.20650440845673892,0.13984741839852485,4,4,4.1,NA,NA,NA,NA,NA,NA,NA,NA,Syracuse,Syracuse
400986264,2018-02-17,Miami,Syracuse,83,2,14:26,866,866,Tyus Battle Defensive Rebound.,28,38,-10,35,0.20076025574148595,0.13620163738517935,4,4,4.1,NA,NA,NA,NA,NA,NA,NA,NA,Syracuse,Syracuse
400986264,2018-02-17,Miami,Syracuse,85,2,12:51,771,771,Miami Offensive Rebound.,31,40,-9,0,0.2138799428174722,0.14760143961487363,4,4,4.1,NA,NA,NA,NA,NA,NA,NA,NA,Syracuse,Syracuse
400986264,2018-02-17,Miami,Syracuse,86,2,12:42,762,762,Ebuka Izundu Offensive Rebound.,31,40,-9,9,0.21171557245120354,0.14617019756395017,4,4,4.1,NA,NA,NA,NA,NA,NA,NA,NA,Syracuse,Syracuse
400986264,2018-02-17,Miami,Syracuse,88,2,10:55,655,655,Sam Waardenburg Defensive Rebound.,37,43,-6,69,0.30092975366622265,0.21859318317363483,4,4,4.1,NA,NA,NA,NA,NA,NA,NA,NA,Miami,Syracuse
400986264,2018-02-17,Miami,Syracuse,92,2,9:10,550,550,Syracuse Defensive Rebound.,43,43,0,11,0.6009859641043176,0.5,4,4,4.1,NA,NA,NA,NA,NA,NA,NA,NA,Miami,Syracuse
400986264,2018-02-17,Miami,Syracuse,93,2,8:48,528,528,Marek Dolezaj Offensive Rebound.,43,43,0,22,0.5997276717254502,0.5,4,4,4.1,NA,NA,NA,NA,NA,NA,NA,NA,Syracuse,Syracuse
400986264,2018-02-17,Miami,Syracuse,95,2,7:40,460,460,Frank Howard made Free Throw.,43,48,-5,29,0.29477539167496375,0.22087006935650047,4,4,4.1,NA,NA,Syracuse,made,Frank Howard,NA,FALSE,TRUE,Syracuse,Syracuse
400986264,2018-02-17,Miami,Syracuse,98,2,6:15,375,375,Miami Offensive Rebound.,45,50,-5,5,0.2583097471839671,0.1953037739423814,4,4,4.1,NA,NA,NA,NA,NA,NA,NA,NA,Syracuse,Syracuse
400986264,2018-02-17,Miami,Syracuse,99,2,5:58,358,358,Paschal Chukwu Defensive Rebound.,45,50,-5,17,0.25047537550318,0.18988227699451454,4,4,4.1,NA,NA,NA,NA,NA,NA,NA,NA,Syracuse,Syracuse
400986264,2018-02-17,Miami,Syracuse,102,2,4:17,257,257,Dewan Huell Defensive Rebound.,47,52,-5,3,0.21793101097539175,0.16941688501255628,4,4,4.1,NA,NA,NA,NA,NA,NA,NA,NA,Syracuse,Syracuse
400986264,2018-02-17,Miami,Syracuse,103,2,3:08,188,188,Bourama Sidibe Block.,49,54,-5,69,0.17983646712774073,0.14247875292916778,4,4,4.1,NA,NA,NA,NA,NA,NA,NA,NA,Syracuse,Syracuse
400986264,2018-02-17,Miami,Syracuse,104,2,3:04,184,184,Bourama Sidibe Defensive Rebound.,49,54,-5,4,0.1734165435852838,0.13744645206527548,4,4,4.1,NA,NA,NA,NA,NA,NA,NA,NA,Syracuse,Syracuse
400986264,2018-02-17,Miami,Syracuse,105,2,2:25,145,145,Tyus Battle Defensive Rebound.,49,54,-5,39,0.11574116174061938,0.09240194952497945,4,4,4.1,NA,NA,NA,NA,NA,NA,NA,NA,Syracuse,Syracuse
400986264,2018-02-17,Miami,Syracuse,106,2,2:00,120,120,Dewan Huell Defensive Rebound.,49,54,-5,25,0.08159142653700374,0.06563596700207514,4,4,4.1,NA,NA,NA,NA,NA,NA,NA,NA,Syracuse,Syracuse
400986264,2018-02-17,Miami,Syracuse,108,2,0:40,40,40,Syracuse Deadball Team Rebound.,53,57,-4,0,0.030334014999493102,0.025596908924922356,4,4,4.1,NA,NA,NA,NA,NA,NA,NA,NA,Syracuse,Syracuse
400986264,2018-02-17,Miami,Syracuse,109,2,0:40,40,40,Tyus Battle made Free Throw.,53,58,-5,0,0.012437541014293854,0.0104650718902633,4,4,4.1,NA,NA,Syracuse,made,Tyus Battle,NA,FALSE,TRUE,Syracuse,Miami
400986264,2018-02-17,Miami,Syracuse,110,2,0:29,29,29,Sam Waardenburg Offensive Rebound.,53,58,-5,11,0.008811669379766063,0.007477699414996424,4,4,4.1,NA,NA,NA,NA,NA,NA,NA,NA,Miami,Miami
400986264,2018-02-17,Miami,Syracuse,111,2,0:25,25,25,Sam Waardenburg made Free Throw.,54,58,-4,4,0.02082910950910221,0.01776734298504168,4,4,4.1,NA,NA,Miami,made,Sam Waardenburg,NA,FALSE,TRUE,Miami,Miami
400986264,2018-02-17,Miami,Syracuse,112,2,0:25,25,25,Sam Waardenburg made Free Throw.,55,58,-3,0,0.05482425614362768,0.047005273609936685,4,4,4.1,NA,NA,Miami,made,Sam Waardenburg,NA,FALSE,TRUE,Miami,Syracuse
400986264,2018-02-17,Miami,Syracuse,113,2,0:19,19,19,Marek Dolezaj made Free Throw.,55,59,-4,6,0.017778895113275933,0.015235341616680557,4,4,4.1,NA,NA,Syracuse,made,Marek Dolezaj,NA,FALSE,TRUE,Syracuse,Syracuse
400986264,2018-02-17,Miami,Syracuse,114,2,0:19,19,19,Marek Dolezaj made Free Throw.,55,60,-5,0,0.006343250012900203,0.005426708213685131,4,4,4.1,NA,NA,Syracuse,made,Marek Dolezaj,NA,FALSE,TRUE,Syracuse,Syracuse
400986264,2018-02-17,Miami,Syracuse,115,2,0:16,16,16,Oshae Brissett Defensive Rebound.,55,60,-5,3,0.005722618167652879,0.004907985272695086,4,4,4.1,NA,NA,NA,NA,NA,NA,NA,NA,Syracuse,Syracuse
400986264,2018-02-17,Miami,Syracuse,116,2,0:09,9,9,Tyus Battle made Free Throw.,55,61,-6,7,0.0014743775767391814,0.0012715032527373625,4,4,4.1,NA,NA,Syracuse,made,Tyus Battle,NA,FALSE,TRUE,Syracuse,Syracuse
400986264,2018-02-17,Miami,Syracuse,117,2,0:09,9,9,Tyus Battle made Free Throw.,55,62,-7,0,4.858663058618939e-4,4.189540423381101e-4,4,4,4.1,NA,NA,Syracuse,made,Tyus Battle,NA,FALSE,TRUE,Syracuse,NA
400986264,2018-02-17,Miami,Syracuse,118,2,0:04,4,4,Tyus Battle Defensive Rebound.,55,62,-7,5,3.7643835947638436e-4,3.260376405145917e-4,4,4,4.1,NA,NA,NA,NA,NA,NA,NA,NA,Syracuse,NA
400986264,2018-02-17,Miami,Syracuse,119,2,0:00,0,0,End of Game,55,55,0,4,1.8199219201530793e-61,1.580420060273613e-61,4,4,4.1,NA,NA,NA,NA,NA,NA,NA,NA,Syracuse,NA
