game_id,date,home,away,play_id,half,time_remaining_half,secs_remaining,secs_remaining_absolute,description,home_score,away_score,score_diff,play_length,win_prob,naive_win_prob,home_time_out_remaining,away_time_out_remaining,home_favored_by,shot_x,shot_y,shot_team,shot_outcome,shooter,assist,three_pt,free_throw,possession_before,possession_after
400991037,2018-02-17,Belmont,Morehead State,1,1,20:00,2400,2400,PLAY,0,0,0,0,0.9525768434638632,0.5,4,4,18.7,NA,NA,NA,NA,NA,NA,NA,NA,NA,Belmont
400991037,2018-02-17,Belmont,Morehead State,2,1,19:43,2383,2383,Dylan Windler Offensive Rebound.,0,0,0,17,0.9523454367012752,0.5,4,4,18.7,NA,NA,NA,NA,NA,NA,NA,NA,Belmont,Belmont
400991037,2018-02-17,Belmont,Morehead State,3,1,19:37,2377,2377,Malek Green Defensive Rebound.,0,0,0,6,0.9522623772299312,0.5,4,4,18.7,NA,NA,NA,NA,NA,NA,NA,NA,Belmont,Belmont
400991037,2018-02-17,Belmont,Morehead State,5,1,18:52,2332,2332,Dylan Windler Defensive Rebound.,0,2,-2,9,0.9424888898462038,0.45451780479293763,4,4,18.7,NA,NA,NA,NA,NA,NA,NA,NA,Morehead State,Morehead State
400991037,2018-02-17,Belmont,Morehead State,6,1,18:44,2324,2324,Dylan Windler Offensive Rebound.,0,2,-2,8,0.9423096565648293,0.4543425759993232,4,4,18.7,NA,NA,NA,NA,NA,NA,NA,NA,Morehead State,Morehead State
400991037,2018-02-17,Belmont,Morehead State,7,1,18:36,2316,2316,James Baker Defensive Rebound.,0,2,-2,8,0.9421283659395966,0.4541666112249718,4,4,18.7,NA,NA,NA,NA,NA,NA,NA,NA,Morehead State,Morehead State
400991037,2018-02-17,Belmont,Morehead State,8,1,18:15,2295,2295,Morehead State Offensive Rebound.,0,2,-2,21,0.9416425187976597,0.4537013997188336,4,4,18.7,NA,NA,NA,NA,NA,NA,NA,NA,Morehead State,Morehead State
400991037,2018-02-17,Belmont,Morehead State,9,1,18:02,2282,2282,Dylan Windler Defensive Rebound.,0,2,-2,13,0.9413343846228545,0.45341117649875384,4,4,18.7,NA,NA,NA,NA,NA,NA,NA,NA,Morehead State,Morehead State
400991037,2018-02-17,Belmont,Morehead State,11,1,17:06,2226,2226,Malek Green Defensive Rebound.,2,2,0,15,0.9499067838138108,0.5,4,4,18.7,NA,NA,NA,NA,NA,NA,NA,NA,Morehead State,Morehead State
400991037,2018-02-17,Belmont,Morehead State,13,1,15:55,2155,2155,Amanze Egekeze Offensive Rebound.,2,4,-2,23,0.9380040866903122,0.4505106076857768,4,4,18.7,NA,NA,NA,NA,NA,NA,NA,NA,Morehead State,Morehead State
400991037,2018-02-17,Belmont,Morehead State,18,1,13:01,1981,1981,Dylan Windler Defensive Rebound.,9,10,-1,21,0.9388812741351032,0.4730851716124837,4,4,18.7,NA,NA,NA,NA,NA,NA,NA,NA,Belmont,Belmont
400991037,2018-02-17,Belmont,Morehead State,19,1,12:47,1967,1967,Djimon Henson Steal.,9,10,-1,14,0.93846043558377,0.47290753547912656,4,4,18.7,NA,NA,NA,NA,NA,NA,NA,NA,Belmont,Morehead State
400991037,2018-02-17,Belmont,Morehead State,20,1,12:28,1948,1948,Dylan Windler Defensive Rebound.,9,10,-1,19,0.9378778542677089,0.4726642009187456,4,4,18.7,NA,NA,NA,NA,NA,NA,NA,NA,Morehead State,Belmont
400991037,2018-02-17,Belmont,Morehead State,21,1,12:18,1938,1938,Richard Feagin Defensive Rebound.,9,10,-1,10,0.9375659028679681,0.4725350508553408,4,4,18.7,NA,NA,NA,NA,NA,NA,NA,NA,Belmont,Belmont
400991037,2018-02-17,Belmont,Morehead State,22,1,12:01,1921,1921,Dylan Windler Defensive Rebound.,9,10,-1,17,0.9370267492731128,0.4723141435476238,4,4,18.7,NA,NA,NA,NA,NA,NA,NA,NA,Belmont,Belmont
400991037,2018-02-17,Belmont,Morehead State,23,1,11:46,1906,1906,Jordan Walker Defensive Rebound.,9,10,-1,15,0.9365403517448527,0.4721194061896508,4,4,18.7,NA,NA,NA,NA,NA,NA,NA,NA,Belmont,Belmont
400991037,2018-02-17,Belmont,Morehead State,24,1,11:26,1886,1886,Dylan Windler Defensive Rebound.,9,10,-1,20,0.9358759636042601,0.47185998586772737,4,4,18.7,NA,NA,NA,NA,NA,NA,NA,NA,Belmont,Belmont
400991037,2018-02-17,Belmont,Morehead State,26,1,10:49,1849,1849,Dylan Windler Offensive Rebound.,12,10,2,4,0.9527282049903373,0.5570554774626687,4,4,18.7,NA,NA,NA,NA,NA,NA,NA,NA,Belmont,Belmont
400991037,2018-02-17,Belmont,Morehead State,28,1,10:42,1842,1842,Lamontray Harris Defensive Rebound.,14,10,4,0,0.9619629247431154,0.6129926125339111,4,4,18.7,NA,NA,NA,NA,NA,NA,NA,NA,Belmont,Morehead State
400991037,2018-02-17,Belmont,Morehead State,29,1,9:49,1789,1789,Seth Adelsperger Defensive Rebound.,16,12,4,53,0.9613243160028129,0.6156596666190358,4,4,18.7,NA,NA,NA,NA,NA,NA,NA,NA,Morehead State,Belmont
400991037,2018-02-17,Belmont,Morehead State,30,1,9:42,1782,1782,Lamontray Harris Defensive Rebound.,16,12,4,7,0.9612372238843898,0.6160171035267608,4,4,18.7,NA,NA,NA,NA,NA,NA,NA,NA,Belmont,Belmont
400991037,2018-02-17,Belmont,Morehead State,31,1,9:24,1764,1764,Dylan Windler Defensive Rebound.,16,12,4,18,0.9610108304434488,0.61694347591316,4,4,18.7,NA,NA,NA,NA,NA,NA,NA,NA,Belmont,Belmont
400991037,2018-02-17,Belmont,Morehead State,32,1,8:57,1737,1737,Amanze Egekeze Defensive Rebound.,16,12,4,27,0.9606655789996374,0.6183556376216363,4,4,18.7,NA,NA,NA,NA,NA,NA,NA,NA,Belmont,Belmont
400991037,2018-02-17,Belmont,Morehead State,37,1,5:13,1513,1513,Kevin McClain made Free Throw.,30,18,12,47,0.9848200686776908,0.8318624185612784,4,4,18.7,NA,NA,Belmont,made,Kevin McClain,NA,FALSE,TRUE,Belmont,Belmont
400991037,2018-02-17,Belmont,Morehead State,38,1,4:42,1482,1482,Morehead State Deadball Team Rebound.,30,18,12,31,0.9848485150264367,0.8349976073621482,4,4,18.7,NA,NA,NA,NA,NA,NA,NA,NA,Belmont,Morehead State
400991037,2018-02-17,Belmont,Morehead State,39,1,4:23,1463,1463,Tyler Hadden Offensive Rebound.,30,18,12,19,0.9848775211213497,0.836996349398039,4,4,18.7,NA,NA,NA,NA,NA,NA,NA,NA,Morehead State,Belmont
400991037,2018-02-17,Belmont,Morehead State,40,1,4:21,1461,1461,Tyler Hadden made Free Throw.,31,18,13,2,0.9867843417731935,0.8549652279742609,4,4,18.7,NA,NA,Belmont,made,Tyler Hadden,NA,FALSE,TRUE,Belmont,Belmont
400991037,2018-02-17,Belmont,Morehead State,41,1,4:21,1461,1461,Tyler Hadden made Free Throw.,32,18,14,0,0.9884507396633359,0.871081545950395,4,4,18.7,NA,NA,Belmont,made,Tyler Hadden,NA,FALSE,TRUE,Belmont,Morehead State
400991037,2018-02-17,Belmont,Morehead State,42,1,3:35,1415,1415,Amanze Egekeze Block.,35,21,14,46,0.9885799736414979,0.8757400271914353,4,4,18.7,NA,NA,NA,NA,NA,NA,NA,NA,Morehead State,Morehead State
400991037,2018-02-17,Belmont,Morehead State,43,1,3:35,1415,1415,Morehead State Offensive Rebound.,35,21,14,0,0.9885799736414979,0.8757400271914353,4,4,18.7,NA,NA,NA,NA,NA,NA,NA,NA,Morehead State,Morehead State
400991037,2018-02-17,Belmont,Morehead State,44,1,2:46,1366,1366,Jordan Walker missed Free Throw.,37,23,14,49,0.9886747753001894,0.8802758029546027,4,4,18.7,NA,NA,Morehead State,missed,Jordan Walker,NA,FALSE,TRUE,Morehead State,Morehead State
400991037,2018-02-17,Belmont,Morehead State,45,1,2:46,1366,1366,Morehead State Deadball Team Rebound.,37,23,14,0,0.9886747753001894,0.8802758029546027,4,4,18.7,NA,NA,NA,NA,NA,NA,NA,NA,Morehead State,Morehead State
400991037,2018-02-17,Belmont,Morehead State,46,1,2:46,1366,1366,Jordan Walker made Free Throw.,37,24,13,0,0.9869628540850184,0.8644252106194549,4,4,18.7,NA,NA,Morehead State,made,Jordan Walker,NA,FALSE,TRUE,Morehead State,Belmont
400991037,2018-02-17,Belmont,Morehead State,48,1,2:34,1354,1354,Lamontray Harris Defensive Rebound.,39,24,15,0,0.9901891431408749,0.8955349225591159,4,4,18.7,NA,NA,NA,NA,NA,NA,NA,NA,Belmont,Morehead State
400991037,2018-02-17,Belmont,Morehead State,52,2,20:00,1200,1200,PLAY,51,28,23,0,0.9972763203082418,0.9720037854729051,4,4,18.7,NA,NA,NA,NA,NA,NA,NA,NA,NA,Belmont
400991037,2018-02-17,Belmont,Morehead State,54,2,18:39,1119,1119,A.J. Hicks Defensive Rebound.,54,30,24,17,0.997886863045291,0.9793313128962245,4,4,18.7,NA,NA,NA,NA,NA,NA,NA,NA,Belmont,Belmont
400991037,2018-02-17,Belmont,Morehead State,55,2,18:32,1112,1112,A.J. Hicks missed Free Throw.,54,30,24,7,0.9979048837467281,0.9796016246301175,4,4,18.7,NA,NA,NA,missed,A.J. Hicks,NA,FALSE,TRUE,Belmont,Morehead State
400991037,2018-02-17,Belmont,Morehead State,56,2,18:32,1112,1112,Morehead State Deadball Team Rebound.,54,30,24,0,0.9979048837467281,0.9796016246301175,4,4,18.7,NA,NA,NA,NA,NA,NA,NA,NA,Morehead State,Morehead State
400991037,2018-02-17,Belmont,Morehead State,57,2,18:32,1112,1112,A.J. Hicks missed Free Throw.,54,30,24,0,0.9979048837467281,0.9796016246301175,4,4,18.7,NA,NA,NA,missed,A.J. Hicks,NA,FALSE,TRUE,Morehead State,Morehead State
400991037,2018-02-17,Belmont,Morehead State,58,2,18:32,1112,1112,Amanze Egekeze Defensive Rebound.,54,30,24,0,0.9979048837467281,0.9796016246301175,4,4,18.7,NA,NA,NA,NA,NA,NA,NA,NA,Morehead State,Morehead State
400991037,2018-02-17,Belmont,Morehead State,61,2,17:12,1032,1032,Dylan Windler made Free Throw.,63,30,33,12,0.9995858699252145,0.9961304332570855,4,4,18.7,NA,NA,Belmont,made,Dylan Windler,NA,FALSE,TRUE,Belmont,Belmont
400991037,2018-02-17,Belmont,Morehead State,62,2,17:02,1022,1022,Amanze Egekeze Defensive Rebound.,63,30,33,10,0.9995959249481051,0.9962509813512126,4,4,18.7,NA,NA,NA,NA,NA,NA,NA,NA,Belmont,Belmont
400991037,2018-02-17,Belmont,Morehead State,63,2,16:16,976,976,Tyler Hadden made Free Throw.,67,32,35,46,0.9997487701565237,0.9977434542370216,4,4,18.7,NA,NA,Belmont,made,Tyler Hadden,NA,FALSE,TRUE,Belmont,Belmont
400991037,2018-02-17,Belmont,Morehead State,64,2,16:16,976,976,Tyler Hadden missed Free Throw.,67,32,35,0,0.9997487701565237,0.9977434542370216,4,4,18.7,NA,NA,Belmont,missed,Tyler Hadden,NA,FALSE,TRUE,Belmont,Belmont
400991037,2018-02-17,Belmont,Morehead State,65,2,16:16,976,976,Amanze Egekeze Offensive Rebound.,67,32,35,0,0.9997487701565237,0.9977434542370216,4,4,18.7,NA,NA,NA,NA,NA,NA,NA,NA,Belmont,Belmont
400991037,2018-02-17,Belmont,Morehead State,68,2,14:04,844,844,Amanze Egekeze Defensive Rebound.,72,40,32,0,0.9996918967742988,0.9974639642123513,4,4,18.7,NA,NA,NA,NA,NA,NA,NA,NA,Morehead State,Belmont
400991037,2018-02-17,Belmont,Morehead State,69,2,13:45,825,825,Seth Adelsperger made Free Throw.,73,40,33,19,0.9997564313386895,0.9980182303647137,4,4,18.7,NA,NA,Belmont,made,Seth Adelsperger,NA,FALSE,TRUE,Belmont,Belmont
400991037,2018-02-17,Belmont,Morehead State,70,2,13:45,825,825,Seth Adelsperger made Free Throw.,74,40,34,0,0.9997982757018401,0.9983582020358289,4,4,18.7,NA,NA,Belmont,made,Seth Adelsperger,NA,FALSE,TRUE,Belmont,Morehead State
400991037,2018-02-17,Belmont,Morehead State,74,2,11:30,690,690,A.J. Hicks Defensive Rebound.,81,42,39,28,0.9999585106366863,0.9996953115296565,4,4,18.7,NA,NA,NA,NA,NA,NA,NA,NA,Morehead State,Morehead State
400991037,2018-02-17,Belmont,Morehead State,75,2,11:07,667,667,De'Von Cooper Defensive Rebound.,81,42,39,23,0.9999625808725002,0.9997302533929662,4,4,18.7,NA,NA,NA,NA,NA,NA,NA,NA,Morehead State,Morehead State
400991037,2018-02-17,Belmont,Morehead State,76,2,10:59,659,659,Austin Luke Defensive Rebound.,81,42,39,8,0.9999638725904532,0.9997412410959678,4,4,18.7,NA,NA,NA,NA,NA,NA,NA,NA,Morehead State,Morehead State
400991037,2018-02-17,Belmont,Morehead State,79,2,9:24,564,564,A.J. Hicks Defensive Rebound.,85,42,43,14,0.9999916659135598,0.9999452011071851,4,4,18.7,NA,NA,NA,NA,NA,NA,NA,NA,Morehead State,Morehead State
400991037,2018-02-17,Belmont,Morehead State,81,2,8:53,533,533,De'Von Cooper made Free Throw.,85,45,40,9,0.9999875558269474,0.9999209063256892,4,4,18.7,NA,NA,Morehead State,made,De'Von Cooper,NA,FALSE,TRUE,Morehead State,Morehead State
400991037,2018-02-17,Belmont,Morehead State,82,2,8:53,533,533,De'Von Cooper missed Free Throw.,85,45,40,0,0.9999875558269474,0.9999209063256892,4,4,18.7,NA,NA,Morehead State,missed,De'Von Cooper,NA,FALSE,TRUE,Morehead State,Belmont
400991037,2018-02-17,Belmont,Morehead State,83,2,8:53,533,533,Dylan Windler Defensive Rebound.,85,45,40,0,0.9999875558269474,0.9999209063256892,4,4,18.7,NA,NA,NA,NA,NA,NA,NA,NA,Morehead State,Belmont
400991037,2018-02-17,Belmont,Morehead State,86,2,7:17,437,437,Amanze Egekeze missed Free Throw.,92,47,45,38,0.9999985217496971,0.9999915608929831,4,4,18.7,NA,NA,Belmont,missed,Amanze Egekeze,NA,FALSE,TRUE,Belmont,Belmont
400991037,2018-02-17,Belmont,Morehead State,87,2,7:17,437,437,Belmont Deadball Team Rebound.,92,47,45,0,0.9999985217496971,0.9999915608929831,4,4,18.7,NA,NA,NA,NA,NA,NA,NA,NA,Belmont,Belmont
400991037,2018-02-17,Belmont,Morehead State,88,2,7:17,437,437,Amanze Egekeze made Free Throw.,93,47,46,0,0.9999988597522128,0.9999934904877756,4,4,18.7,NA,NA,Belmont,made,Amanze Egekeze,NA,FALSE,TRUE,Belmont,Belmont
400991037,2018-02-17,Belmont,Morehead State,89,2,7:17,437,437,Amanze Egekeze made Free Throw.,94,47,47,0,0.9999991204703877,0.9999949788845409,4,4,18.7,NA,NA,Belmont,made,Amanze Egekeze,NA,FALSE,TRUE,Belmont,Morehead State
400991037,2018-02-17,Belmont,Morehead State,90,2,6:59,419,419,Michael Benkert Defensive Rebound.,94,47,47,18,0.9999993576293381,0.9999964250490975,4,4,18.7,NA,NA,NA,NA,NA,NA,NA,NA,Morehead State,Morehead State
400991037,2018-02-17,Belmont,Morehead State,91,2,6:24,384,384,Malek Green made Free Throw.,96,48,48,35,0.9999997208139122,0.9999985285676218,4,4,18.7,NA,NA,Morehead State,made,Malek Green,NA,FALSE,TRUE,Morehead State,Morehead State
400991037,2018-02-17,Belmont,Morehead State,92,2,6:24,384,384,Malek Green made Free Throw.,96,49,47,0,0.9999996306831431,0.9999980535399304,4,4,18.7,NA,NA,Morehead State,made,Malek Green,NA,FALSE,TRUE,Morehead State,Belmont
400991037,2018-02-17,Belmont,Morehead State,93,2,5:58,358,358,Dylan Windler missed Free Throw.,96,49,47,26,0.9999997629633562,0.9999988049098184,4,4,18.7,NA,NA,Belmont,missed,Dylan Windler,NA,FALSE,TRUE,Belmont,Belmont
400991037,2018-02-17,Belmont,Morehead State,94,2,5:58,358,358,Belmont Deadball Team Rebound.,96,49,47,0,0.9999997629633562,0.9999988049098184,4,4,18.7,NA,NA,NA,NA,NA,NA,NA,NA,Belmont,Belmont
400991037,2018-02-17,Belmont,Morehead State,95,2,5:58,358,358,Dylan Windler made Free Throw.,97,49,48,0,0.9999998226616046,0.9999991058959365,4,4,18.7,NA,NA,Belmont,made,Dylan Windler,NA,FALSE,TRUE,Belmont,Morehead State
400991037,2018-02-17,Belmont,Morehead State,96,2,5:50,350,350,Jordan Walker missed Free Throw.,97,49,48,8,0.9999998489502665,0.9999992492530488,4,4,18.7,NA,NA,Morehead State,missed,Jordan Walker,NA,FALSE,TRUE,Morehead State,Morehead State
400991037,2018-02-17,Belmont,Morehead State,97,2,5:50,350,350,Morehead State Deadball Team Rebound.,97,49,48,0,0.9999998489502665,0.9999992492530488,4,4,18.7,NA,NA,NA,NA,NA,NA,NA,NA,Morehead State,Morehead State
400991037,2018-02-17,Belmont,Morehead State,98,2,5:50,350,350,Jordan Walker missed Free Throw.,97,49,48,0,0.9999998489502665,0.9999992492530488,4,4,18.7,NA,NA,Morehead State,missed,Jordan Walker,NA,FALSE,TRUE,Morehead State,Morehead State
400991037,2018-02-17,Belmont,Morehead State,99,2,5:50,350,350,Malek Green Offensive Rebound.,97,49,48,0,0.9999998489502665,0.9999992492530488,4,4,18.7,NA,NA,NA,NA,NA,NA,NA,NA,Morehead State,Morehead State
400991037,2018-02-17,Belmont,Morehead State,100,2,5:49,349,349,Malek Green made Free Throw.,97,50,47,1,0.9999998014818081,0.9999990151092593,4,4,18.7,NA,NA,Morehead State,made,Malek Green,NA,FALSE,TRUE,Morehead State,Morehead State
400991037,2018-02-17,Belmont,Morehead State,101,2,5:49,349,349,Malek Green missed Free Throw.,97,50,47,0,0.9999998014818081,0.9999990151092593,4,4,18.7,NA,NA,Morehead State,missed,Malek Green,NA,FALSE,TRUE,Morehead State,Belmont
400991037,2018-02-17,Belmont,Morehead State,102,2,5:49,349,349,Dylan Windler Defensive Rebound.,97,50,47,0,0.9999998014818081,0.9999990151092593,4,4,18.7,NA,NA,NA,NA,NA,NA,NA,NA,Morehead State,Belmont
400991037,2018-02-17,Belmont,Morehead State,104,2,5:19,319,319,Jordan Walker made Two Point Tip Shot.,100,52,48,6,0.9999999305980507,0.9999996745865879,4,4,18.7,NA,NA,Morehead State,made,Jordan Walker,NA,FALSE,FALSE,Morehead State,Belmont
400991037,2018-02-17,Belmont,Morehead State,105,2,5:12,312,312,Lamontray Harris Defensive Rebound.,100,52,48,7,0.9999999442922821,0.9999997423704751,4,4,18.7,NA,NA,NA,NA,NA,NA,NA,NA,Belmont,Morehead State
400991037,2018-02-17,Belmont,Morehead State,106,2,5:05,305,305,Malek Green made Free Throw.,100,53,47,7,0.9999999377055191,0.9999997158866856,4,4,18.7,NA,NA,Morehead State,made,Malek Green,NA,FALSE,TRUE,Morehead State,Morehead State
400991037,2018-02-17,Belmont,Morehead State,107,2,5:05,305,305,Malek Green missed Free Throw.,100,53,47,0,0.9999999377055191,0.9999997158866856,4,4,18.7,NA,NA,Morehead State,missed,Malek Green,NA,FALSE,TRUE,Morehead State,Belmont
400991037,2018-02-17,Belmont,Morehead State,108,2,5:05,305,305,Tyler Hadden Defensive Rebound.,100,53,47,0,0.9999999377055191,0.9999997158866856,4,4,18.7,NA,NA,NA,NA,NA,NA,NA,NA,Morehead State,Belmont
400991037,2018-02-17,Belmont,Morehead State,110,2,3:43,223,223,Seth Adelsperger Offensive Rebound.,100,55,45,23,0.9999998321141844,0.9999993517840008,4,4,18.7,NA,NA,NA,NA,NA,NA,NA,NA,Morehead State,Morehead State
400991037,2018-02-17,Belmont,Morehead State,111,2,3:39,219,219,Lamontray Harris Defensive Rebound.,100,55,45,4,0.99999984433887,0.9999994044226735,4,4,18.7,NA,NA,NA,NA,NA,NA,NA,NA,Morehead State,Morehead State
400991037,2018-02-17,Belmont,Morehead State,112,2,3:31,211,211,Malek Green Offensive Rebound.,100,55,45,8,0.9999998774278821,0.9999995397019663,4,4,18.7,NA,NA,NA,NA,NA,NA,NA,NA,Morehead State,Morehead State
400991037,2018-02-17,Belmont,Morehead State,113,2,3:22,202,202,A.J. Hicks made Free Throw.,100,56,44,9,0.9999998887011106,0.9999995910819779,4,4,18.7,NA,NA,NA,made,A.J. Hicks,NA,FALSE,TRUE,Morehead State,Morehead State
400991037,2018-02-17,Belmont,Morehead State,114,2,3:22,202,202,A.J. Hicks missed Free Throw.,100,56,44,0,0.9999998887011106,0.9999995910819779,4,4,18.7,NA,NA,NA,missed,A.J. Hicks,NA,FALSE,TRUE,Morehead State,Morehead State
400991037,2018-02-17,Belmont,Morehead State,115,2,3:22,202,202,A.J. Hicks Offensive Rebound.,100,56,44,0,0.9999998887011106,0.9999995910819779,4,4,18.7,NA,NA,NA,NA,NA,NA,NA,NA,Morehead State,Morehead State
400991037,2018-02-17,Belmont,Morehead State,116,2,3:08,188,188,Mack Mercer Steal.,100,56,44,14,0.999999961007991,0.9999998618197932,4,4,18.7,NA,NA,NA,NA,NA,NA,NA,NA,Morehead State,Belmont
400991037,2018-02-17,Belmont,Morehead State,117,2,2:59,179,179,De'Von Cooper Defensive Rebound.,100,56,44,9,0.9999999826129456,0.999999939851321,4,4,18.7,NA,NA,NA,NA,NA,NA,NA,NA,Belmont,Belmont
400991037,2018-02-17,Belmont,Morehead State,118,2,2:42,162,162,Kevin McClain made Free Throw.,101,58,43,17,0.9999999946744366,0.9999999824170522,4,4,18.7,NA,NA,Belmont,made,Kevin McClain,NA,FALSE,TRUE,Belmont,Belmont
400991037,2018-02-17,Belmont,Morehead State,119,2,2:42,162,162,Kevin McClain made Free Throw.,102,58,44,0,0.999999996484243,0.9999999883923318,4,4,18.7,NA,NA,Belmont,made,Kevin McClain,NA,FALSE,TRUE,Belmont,Morehead State
400991037,2018-02-17,Belmont,Morehead State,120,2,1:41,101,101,Alonzo Chatman made Free Throw.,104,62,42,61,0.9999999999962131,0.9999999999895968,4,4,18.7,NA,NA,Morehead State,made,Alonzo Chatman,NA,FALSE,TRUE,Morehead State,Morehead State
400991037,2018-02-17,Belmont,Morehead State,121,2,1:41,101,101,Alonzo Chatman made Free Throw.,104,63,41,0,0.9999999999930852,0.9999999999810039,4,4,18.7,NA,NA,Morehead State,made,Alonzo Chatman,NA,FALSE,TRUE,Morehead State,Morehead State
400991037,2018-02-17,Belmont,Morehead State,124,2,0:26,26,26,James Baker missed Two Point Tip Shot.,108,63,45,3,1,1,4,4,18.7,NA,NA,Morehead State,missed,James Baker,NA,FALSE,FALSE,Morehead State,Morehead State
400991037,2018-02-17,Belmont,Morehead State,125,2,0:26,26,26,Alonzo Chatman Offensive Rebound.,108,63,45,0,1,1,4,4,18.7,NA,NA,NA,NA,NA,NA,NA,NA,Morehead State,Morehead State
400991037,2018-02-17,Belmont,Morehead State,126,2,0:23,23,23,Alonzo Chatman made Two Point Tip Shot.,108,65,43,3,1,1,4,4,18.7,NA,NA,Morehead State,made,Alonzo Chatman,NA,FALSE,FALSE,Morehead State,Belmont
400991037,2018-02-17,Belmont,Morehead State,127,2,0:00,0,0,End of Game,108,108,0,23,1,1,4,4,18.7,NA,NA,NA,NA,NA,NA,NA,NA,Belmont,NA
