game_id,date,home,away,play_id,half,time_remaining_half,secs_remaining,secs_remaining_absolute,description,home_score,away_score,score_diff,play_length,win_prob,naive_win_prob,home_time_out_remaining,away_time_out_remaining,home_favored_by,shot_x,shot_y,shot_team,shot_outcome,shooter,assist,three_pt,free_throw,possession_before,possession_after
400989417,2018-02-14,Denver,Omaha,1,1,20:00,2400,2400,PLAY,0,0,0,0,0.7719360745098691,0.5,4,4,7.6,NA,NA,NA,NA,NA,NA,NA,NA,NA,Denver
400989417,2018-02-14,Denver,Omaha,3,1,18:12,2292,2292,Daniel Amigo made Free Throw.,8,2,6,75,0.8536249585873473,0.6359869256266633,4,4,7.6,NA,NA,Denver,made,Daniel Amigo,NA,FALSE,TRUE,Denver,Omaha
400989417,2018-02-14,Denver,Omaha,4,1,18:00,2280,2280,Joe Rosga Steal.,8,2,6,12,0.8538225401402885,0.6367381383286663,4,4,7.6,NA,NA,NA,NA,NA,NA,NA,NA,Omaha,Denver
400989417,2018-02-14,Denver,Omaha,5,1,17:23,2243,2243,Zach Jackson Defensive Rebound.,10,4,6,37,0.8544233677109263,0.6390727907955372,4,4,7.6,NA,NA,NA,NA,NA,NA,NA,NA,Denver,Omaha
400989417,2018-02-14,Denver,Omaha,6,1,17:15,2235,2235,Jake Krafka Steal.,10,4,6,8,0.854551262999954,0.6395807124988613,4,4,7.6,NA,NA,NA,NA,NA,NA,NA,NA,Omaha,Denver
400989417,2018-02-14,Denver,Omaha,7,1,17:10,2230,2230,Mitchell Hahn Defensive Rebound.,10,4,6,5,0.8546307790700511,0.6398986463524814,4,4,7.6,NA,NA,NA,NA,NA,NA,NA,NA,Denver,Omaha
400989417,2018-02-14,Denver,Omaha,9,1,15:56,2156,2156,KJ Robinson Defensive Rebound.,12,8,4,43,0.829489772248408,0.5979734467601393,4,4,7.6,NA,NA,NA,NA,NA,NA,NA,NA,Omaha,Omaha
400989417,2018-02-14,Denver,Omaha,10,1,15:39,2139,2139,Daniel Norl made Free Throw.,12,9,3,17,0.8149313073117336,0.5744836413761442,4,4,7.6,NA,NA,Omaha,made,Daniel Norl,NA,FALSE,TRUE,Omaha,Omaha
400989417,2018-02-14,Denver,Omaha,11,1,15:39,2139,2139,Daniel Norl made Free Throw.,12,10,2,0,0.7993634529832858,0.5498617568700167,4,4,7.6,NA,NA,Omaha,made,Daniel Norl,NA,FALSE,TRUE,Omaha,Denver
400989417,2018-02-14,Denver,Omaha,12,1,15:23,2123,2123,Daniel Meyer Defensive Rebound.,12,10,2,16,0.7991792253579694,0.5502362343092052,4,4,7.6,NA,NA,NA,NA,NA,NA,NA,NA,Denver,Denver
400989417,2018-02-14,Denver,Omaha,13,1,14:26,2066,2066,Ade Murkey Offensive Rebound.,14,12,2,57,0.7984779256373357,0.5515895536493832,4,4,7.6,NA,NA,NA,NA,NA,NA,NA,NA,Denver,Denver
400989417,2018-02-14,Denver,Omaha,14,1,14:05,2045,2045,Jake Krafka Defensive Rebound.,14,12,2,21,0.7982029994658865,0.5520965806367524,4,4,7.6,NA,NA,NA,NA,NA,NA,NA,NA,Denver,Denver
400989417,2018-02-14,Denver,Omaha,16,1,13:07,1987,1987,Jake Pemberton Defensive Rebound.,14,14,0,18,0.7604623880202397,0.5,4,4,7.6,NA,NA,NA,NA,NA,NA,NA,NA,Omaha,Denver
400989417,2018-02-14,Denver,Omaha,19,1,10:21,1821,1821,Christian Mackey missed Free Throw.,24,16,8,56,0.8859582312357478,0.7168058763910219,4,4,7.6,NA,NA,Denver,missed,Christian Mackey,NA,FALSE,TRUE,Denver,Denver
400989417,2018-02-14,Denver,Omaha,20,1,10:21,1821,1821,Denver Deadball Team Rebound.,24,16,8,0,0.8859582312357478,0.7168058763910219,4,4,7.6,NA,NA,NA,NA,NA,NA,NA,NA,Denver,Denver
400989417,2018-02-14,Denver,Omaha,21,1,10:21,1821,1821,Christian Mackey made Free Throw.,25,16,9,0,0.897171924719501,0.7397667335431951,4,4,7.6,NA,NA,Denver,made,Christian Mackey,NA,FALSE,TRUE,Denver,Omaha
400989417,2018-02-14,Denver,Omaha,22,1,10:05,1805,1805,Matt Pile made Free Throw.,25,17,8,16,0.8862900186780699,0.7181843056483589,4,4,7.6,NA,NA,Omaha,made,Matt Pile,NA,FALSE,TRUE,Omaha,Omaha
400989417,2018-02-14,Denver,Omaha,23,1,10:05,1805,1805,Matt Pile made Free Throw.,25,18,7,0,0.8739626040299593,0.6939260843227208,4,4,7.6,NA,NA,Omaha,made,Matt Pile,NA,FALSE,TRUE,Omaha,Denver
400989417,2018-02-14,Denver,Omaha,24,1,9:39,1779,1779,Mitchell Hahn Steal.,25,18,7,26,0.8744018492771943,0.6959998151896163,4,4,7.6,NA,NA,NA,NA,NA,NA,NA,NA,Denver,Denver
400989417,2018-02-14,Denver,Omaha,25,1,9:36,1776,1776,Donoven Carlisle Defensive Rebound.,25,18,7,3,0.8744529202547002,0.6962407841046182,4,4,7.6,NA,NA,NA,NA,NA,NA,NA,NA,Denver,Denver
400989417,2018-02-14,Denver,Omaha,27,1,8:43,1723,1723,Denver Offensive Rebound.,28,18,10,30,0.9100044733571265,0.771063596346113,4,4,7.6,NA,NA,NA,NA,NA,NA,NA,NA,Denver,Denver
400989417,2018-02-14,Denver,Omaha,28,1,8:27,1707,1707,Daniel Amigo made Free Throw.,29,18,11,16,0.9199354920491436,0.7934456626001178,4,4,7.6,NA,NA,Denver,made,Daniel Amigo,NA,FALSE,TRUE,Denver,Denver
400989417,2018-02-14,Denver,Omaha,29,1,8:27,1707,1707,Daniel Amigo made Free Throw.,30,18,12,0,0.9284963733744608,0.8127789174147836,4,4,7.6,NA,NA,Denver,made,Daniel Amigo,NA,FALSE,TRUE,Denver,Omaha
400989417,2018-02-14,Denver,Omaha,30,1,8:14,1694,1694,Zach Jackson missed Free Throw.,30,18,12,13,0.9288947356531765,0.8141524023526608,4,4,7.6,NA,NA,Omaha,missed,Zach Jackson,NA,FALSE,TRUE,Omaha,Omaha
400989417,2018-02-14,Denver,Omaha,31,1,8:14,1694,1694,Omaha Deadball Team Rebound.,30,18,12,0,0.9288947356531765,0.8141524023526608,4,4,7.6,NA,NA,NA,NA,NA,NA,NA,NA,Omaha,Omaha
400989417,2018-02-14,Denver,Omaha,32,1,8:14,1694,1694,Zach Jackson made Free Throw.,30,19,11,0,0.9203221638378939,0.7948022001420224,4,4,7.6,NA,NA,Omaha,made,Zach Jackson,NA,FALSE,TRUE,Omaha,Denver
400989417,2018-02-14,Denver,Omaha,33,1,8:00,1680,1680,Ade Murkey Offensive Rebound.,30,19,11,14,0.9207375879924169,0.7962629377497698,4,4,7.6,NA,NA,NA,NA,NA,NA,NA,NA,Denver,Denver
400989417,2018-02-14,Denver,Omaha,34,1,7:57,1677,1677,Ade Murkey missed Two Point Tip Shot.,30,19,11,3,0.9208240864003355,0.7965713988011603,4,4,7.6,NA,NA,Denver,missed,Ade Murkey,NA,FALSE,FALSE,Denver,Omaha
400989417,2018-02-14,Denver,Omaha,35,1,7:57,1677,1677,Mitchell Hahn Defensive Rebound.,30,19,11,0,0.9208240864003355,0.7965713988011603,4,4,7.6,NA,NA,NA,NA,NA,NA,NA,NA,Denver,Omaha
400989417,2018-02-14,Denver,Omaha,37,1,5:57,1557,1557,Mitchell Hahn Defensive Rebound.,33,25,8,3,0.8912561332973155,0.7399678567950787,4,4,7.6,NA,NA,NA,NA,NA,NA,NA,NA,Omaha,Omaha
400989417,2018-02-14,Denver,Omaha,38,1,5:50,1550,1550,Zach Jackson made Free Throw.,33,26,7,7,0.8780154037731952,0.7145965287852271,4,4,7.6,NA,NA,Omaha,made,Zach Jackson,NA,FALSE,TRUE,Omaha,Omaha
400989417,2018-02-14,Denver,Omaha,39,1,5:50,1550,1550,Zach Jackson made Free Throw.,33,27,6,0,0.8632621762424459,0.6871218669797265,4,4,7.6,NA,NA,Omaha,made,Zach Jackson,NA,FALSE,TRUE,Omaha,Omaha
400989417,2018-02-14,Denver,Omaha,40,1,5:26,1526,1526,Mitchell Hahn Defensive Rebound.,33,27,6,24,0.8634642565804204,0.6888800617074768,4,4,7.6,NA,NA,NA,NA,NA,NA,NA,NA,Omaha,Omaha
400989417,2018-02-14,Denver,Omaha,41,1,5:24,1524,1524,Mitchell Hahn made Free Throw.,33,28,5,2,0.8470854053340563,0.659930843548042,4,4,7.6,NA,NA,NA,made,Mitchell Hahn,NA,FALSE,TRUE,Omaha,Omaha
400989417,2018-02-14,Denver,Omaha,42,1,5:24,1524,1524,Mitchell Hahn missed Free Throw.,33,28,5,0,0.8470854053340563,0.659930843548042,4,4,7.6,NA,NA,NA,missed,Mitchell Hahn,NA,FALSE,TRUE,Omaha,Omaha
400989417,2018-02-14,Denver,Omaha,43,1,5:24,1524,1524,Daniel Amigo Defensive Rebound.,33,28,5,0,0.8470854053340563,0.659930843548042,4,4,7.6,NA,NA,NA,NA,NA,NA,NA,NA,Omaha,Omaha
400989417,2018-02-14,Denver,Omaha,46,1,4:17,1457,1457,Zach Jackson made Two Point Tip Shot.,38,30,8,3,0.893276791805224,0.7491073273938109,4,4,7.6,NA,NA,Omaha,made,Zach Jackson,NA,FALSE,FALSE,Omaha,Denver
400989417,2018-02-14,Denver,Omaha,49,1,2:36,1356,1356,Abiola Akintola Offensive Rebound.,43,30,13,23,0.9459985594020358,0.8653549687242148,4,4,7.6,NA,NA,NA,NA,NA,NA,NA,NA,Denver,Denver
400989417,2018-02-14,Denver,Omaha,52,1,0:00,1200,1200,End of 1st half,52,36,16,0,0.9684797961110314,0.9218447990893213,4,4,7.6,NA,NA,NA,NA,NA,NA,NA,NA,Denver,NA
400989417,2018-02-14,Denver,Omaha,53,2,20:00,1200,1200,PLAY,52,36,16,0,0.9684797961110314,0.9218447990893213,4,4,7.6,NA,NA,NA,NA,NA,NA,NA,NA,NA,Denver
400989417,2018-02-14,Denver,Omaha,54,2,19:47,1187,1187,Mitchell Hahn Steal.,52,36,16,13,0.9688930877063534,0.923085832537657,4,4,7.6,NA,NA,NA,NA,NA,NA,NA,NA,Denver,Denver
400989417,2018-02-14,Denver,Omaha,55,2,19:22,1162,1162,Zach Jackson Steal.,52,36,16,25,0.969647648175365,0.925358019440539,4,4,7.6,NA,NA,NA,NA,NA,NA,NA,NA,Denver,Omaha
400989417,2018-02-14,Denver,Omaha,57,2,18:43,1123,1123,Omaha Deadball Team Rebound.,54,36,18,0,0.9786164583301333,0.9472475157316713,4,4,7.6,NA,NA,NA,NA,NA,NA,NA,NA,Omaha,Omaha
400989417,2018-02-14,Denver,Omaha,58,2,18:43,1123,1123,Matt Pile made Free Throw.,54,37,17,0,0.9749881745053359,0.9386304418008984,4,4,7.6,NA,NA,Omaha,made,Matt Pile,NA,FALSE,TRUE,Omaha,Omaha
400989417,2018-02-14,Denver,Omaha,61,2,16:59,1019,1019,Mitchell Hahn Defensive Rebound.,58,37,21,25,0.9886209099020561,0.9723124957602138,4,4,7.6,NA,NA,NA,NA,NA,NA,NA,NA,Omaha,Omaha
400989417,2018-02-14,Denver,Omaha,62,2,16:53,1013,1013,Daniel Amigo Block.,58,37,21,6,0.9887418506710929,0.9726489502257571,4,4,7.6,NA,NA,NA,NA,NA,NA,NA,NA,Omaha,Omaha
400989417,2018-02-14,Denver,Omaha,63,2,16:51,1011,1011,Matt Pile Offensive Rebound.,58,37,21,2,0.9887824932919537,0.972761726261959,4,4,7.6,NA,NA,NA,NA,NA,NA,NA,NA,Omaha,Omaha
400989417,2018-02-14,Denver,Omaha,65,2,16:20,980,980,Matt Pile Defensive Rebound.,58,39,19,2,0.9851150849163801,0.964367082275091,4,4,7.6,NA,NA,NA,NA,NA,NA,NA,NA,Omaha,Omaha
400989417,2018-02-14,Denver,Omaha,68,2,14:55,895,895,Zach Jackson Defensive Rebound.,60,46,14,5,0.9683565594099826,0.92761282971114,4,4,7.6,NA,NA,NA,NA,NA,NA,NA,NA,Omaha,Omaha
400989417,2018-02-14,Denver,Omaha,70,2,11:25,685,685,Mitchell Hahn made Free Throw.,67,55,12,130,0.9647085776743947,0.9240991532750613,4,4,7.6,NA,NA,NA,made,Mitchell Hahn,NA,FALSE,TRUE,Denver,Denver
400989417,2018-02-14,Denver,Omaha,71,2,11:25,685,685,Mitchell Hahn made Free Throw.,67,56,11,0,0.956888764147022,0.9081380006761358,4,4,7.6,NA,NA,NA,made,Mitchell Hahn,NA,FALSE,TRUE,Denver,Denver
400989417,2018-02-14,Denver,Omaha,72,2,11:20,680,680,Jake Holtzmann Offensive Rebound.,67,56,11,5,0.9571306526860845,0.9087635996282796,4,4,7.6,NA,NA,NA,NA,NA,NA,NA,NA,Denver,Denver
400989417,2018-02-14,Denver,Omaha,74,2,10:46,646,646,JT Gibson made Free Throw.,67,61,6,9,0.88866316136077,0.7826542326672704,4,4,7.6,NA,NA,Omaha,made,JT Gibson,NA,FALSE,TRUE,Omaha,Denver
400989417,2018-02-14,Denver,Omaha,76,2,9:35,575,575,Ade Murkey made Free Throw.,70,63,7,30,0.9128841982154215,0.8291077396141406,4,4,7.6,NA,NA,Denver,made,Ade Murkey,NA,FALSE,TRUE,Denver,Denver
400989417,2018-02-14,Denver,Omaha,77,2,9:35,575,575,Ade Murkey missed Free Throw.,70,63,7,0,0.9128841982154215,0.8291077396141406,4,4,7.6,NA,NA,Denver,missed,Ade Murkey,NA,FALSE,TRUE,Denver,Omaha
400989417,2018-02-14,Denver,Omaha,78,2,9:35,575,575,Mitchell Hahn Defensive Rebound.,70,63,7,0,0.9128841982154215,0.8291077396141406,4,4,7.6,NA,NA,NA,NA,NA,NA,NA,NA,Denver,Omaha
400989417,2018-02-14,Denver,Omaha,79,2,9:08,548,548,Ade Murkey Defensive Rebound.,70,63,7,27,0.9156764303131933,0.8357174798071845,4,4,7.6,NA,NA,NA,NA,NA,NA,NA,NA,Omaha,Denver
400989417,2018-02-14,Denver,Omaha,80,2,8:47,527,527,Ade Murkey Offensive Rebound.,70,63,7,21,0.917683995206476,0.8405365042191612,4,4,7.6,NA,NA,NA,NA,NA,NA,NA,NA,Denver,Denver
400989417,2018-02-14,Denver,Omaha,81,2,8:42,522,522,Ade Murkey missed Two Point Tip Shot.,70,63,7,5,0.9180874789212153,0.841537237634841,4,4,7.6,NA,NA,Denver,missed,Ade Murkey,NA,FALSE,FALSE,Denver,Omaha
400989417,2018-02-14,Denver,Omaha,82,2,8:42,522,522,Ayo Akinwole Defensive Rebound.,70,63,7,0,0.9180874789212153,0.841537237634841,4,4,7.6,NA,NA,NA,NA,NA,NA,NA,NA,Denver,Omaha
400989417,2018-02-14,Denver,Omaha,83,2,8:39,519,519,Ade Murkey Defensive Rebound.,70,63,7,3,0.9183205278564078,0.8421198114160688,4,4,7.6,NA,NA,NA,NA,NA,NA,NA,NA,Omaha,Denver
400989417,2018-02-14,Denver,Omaha,84,2,8:10,490,490,Ade Murkey Offensive Rebound.,70,63,7,29,0.9204437464002787,0.8474878597453049,4,4,7.6,NA,NA,NA,NA,NA,NA,NA,NA,Denver,Denver
400989417,2018-02-14,Denver,Omaha,85,2,8:08,488,488,Ade Murkey made Two Point Tip Shot.,72,63,9,2,0.9498506204901564,0.9010373396971365,4,4,7.6,NA,NA,Denver,made,Ade Murkey,NA,FALSE,FALSE,Denver,Omaha
400989417,2018-02-14,Denver,Omaha,86,2,7:54,474,474,Jake Pemberton Steal.,72,63,9,14,0.9508792165186027,0.9035059987025772,4,4,7.6,NA,NA,NA,NA,NA,NA,NA,NA,Omaha,Denver
400989417,2018-02-14,Denver,Omaha,87,2,7:50,470,470,Ayo Akinwole Steal.,72,63,9,4,0.9511994420512339,0.9042620101734098,4,4,7.6,NA,NA,NA,NA,NA,NA,NA,NA,Denver,Omaha
400989417,2018-02-14,Denver,Omaha,89,2,6:13,373,373,Jake Krafka made Free Throw.,75,67,8,10,0.9497757346508635,0.9065041695412094,4,4,7.6,NA,NA,Denver,made,Jake Krafka,NA,FALSE,TRUE,Denver,Denver
400989417,2018-02-14,Denver,Omaha,90,2,6:13,373,373,Jake Krafka made Free Throw.,76,67,9,0,0.961716011732195,0.9279514112091243,4,4,7.6,NA,NA,Denver,made,Jake Krafka,NA,FALSE,TRUE,Denver,Denver
400989417,2018-02-14,Denver,Omaha,91,2,5:51,351,351,Jake Krafka Block.,76,67,9,22,0.9641649026182287,0.9333874577331753,4,4,7.6,NA,NA,NA,NA,NA,NA,NA,NA,Denver,Denver
400989417,2018-02-14,Denver,Omaha,92,2,5:50,350,350,Daniel Meyer Offensive Rebound.,76,67,9,1,0.9642856657611864,0.9336502451690998,4,4,7.6,NA,NA,NA,NA,NA,NA,NA,NA,Denver,Denver
400989417,2018-02-14,Denver,Omaha,93,2,5:44,344,344,Jake Krafka Defensive Rebound.,76,67,9,6,0.9650317470312766,0.935262573575157,4,4,7.6,NA,NA,NA,NA,NA,NA,NA,NA,Denver,Denver
400989417,2018-02-14,Denver,Omaha,94,2,5:23,323,323,Jake Krafka made Free Throw.,79,67,12,21,0.9870600796131449,0.975949779018181,4,4,7.6,NA,NA,Denver,made,Jake Krafka,NA,FALSE,TRUE,Denver,Denver
400989417,2018-02-14,Denver,Omaha,96,2,4:37,277,277,JT Gibson Defensive Rebound.,79,69,10,3,0.9787617256493456,0.9621677603090648,4,4,7.6,NA,NA,NA,NA,NA,NA,NA,NA,Denver,Denver
400989417,2018-02-14,Denver,Omaha,97,2,4:26,266,266,Daniel Meyer Offensive Rebound.,79,69,10,11,0.9779608374700143,0.9610966601241202,4,4,7.6,NA,NA,NA,NA,NA,NA,NA,NA,Denver,Denver
400989417,2018-02-14,Denver,Omaha,99,2,3:28,208,208,Jake Pemberton Defensive Rebound.,79,71,8,28,0.9589891497916931,0.931960536892401,4,4,7.6,NA,NA,NA,NA,NA,NA,NA,NA,Denver,Denver
400989417,2018-02-14,Denver,Omaha,101,2,2:38,158,158,Christian Mackey Block.,81,71,10,17,0.9912228126971309,0.985879642215284,4,4,7.6,NA,NA,NA,NA,NA,NA,NA,NA,Denver,Denver
400989417,2018-02-14,Denver,Omaha,102,2,2:36,156,156,Donoven Carlisle Defensive Rebound.,81,71,10,2,0.9916085522338317,0.98652755932476,4,4,7.6,NA,NA,NA,NA,NA,NA,NA,NA,Denver,Denver
400989417,2018-02-14,Denver,Omaha,103,2,1:43,103,103,Jake Pemberton made Free Throw.,85,73,12,53,0.999469192835059,0.9991976948852149,4,4,7.6,NA,NA,Denver,made,Jake Pemberton,NA,FALSE,TRUE,Denver,Denver
400989417,2018-02-14,Denver,Omaha,104,2,1:43,103,103,Jake Pemberton made Free Throw.,86,73,13,0,0.9997068449534785,0.9995568477272538,4,4,7.6,NA,NA,Denver,made,Jake Pemberton,NA,FALSE,TRUE,Denver,Denver
400989417,2018-02-14,Denver,Omaha,105,2,1:33,93,93,Christian Mackey Block.,86,73,13,10,0.99982938955066325,0.9997455105092008,4,4,7.6,NA,NA,NA,NA,NA,NA,NA,NA,Denver,Denver
400989417,2018-02-14,Denver,Omaha,106,2,1:32,92,92,Mitchell Hahn Offensive Rebound.,86,73,13,1,0.9998387322943121,0.9997597714978308,4,4,7.6,NA,NA,NA,NA,NA,NA,NA,NA,Denver,Denver
400989417,2018-02-14,Denver,Omaha,107,2,1:26,86,86,Jake Krafka Defensive Rebound.,86,73,13,6,0.9998854113843487,0.9998306932903118,4,4,7.6,NA,NA,NA,NA,NA,NA,NA,NA,Denver,Denver
400989417,2018-02-14,Denver,Omaha,108,2,1:05,65,65,Mitchell Hahn made Free Throw.,88,74,14,21,0.9999855708615902,0.9999793005472868,4,4,7.6,NA,NA,NA,made,Mitchell Hahn,NA,FALSE,TRUE,Denver,Denver
400989417,2018-02-14,Denver,Omaha,109,2,1:05,65,65,Mitchell Hahn made Free Throw.,88,75,13,0,0.9999688249720627,0.9999552779034813,4,4,7.6,NA,NA,NA,made,Mitchell Hahn,NA,FALSE,TRUE,Denver,Denver
400989417,2018-02-14,Denver,Omaha,110,2,0:57,57,57,Joe Rosga made Free Throw.,89,75,14,8,0.9999919491592316,0.9999885841673708,4,4,7.6,NA,NA,Denver,made,Joe Rosga,NA,FALSE,TRUE,Denver,Denver
400989417,2018-02-14,Denver,Omaha,111,2,0:57,57,57,Joe Rosga made Free Throw.,90,75,15,0,0.9999964288477594,0.9999949362117849,4,4,7.6,NA,NA,Denver,made,Joe Rosga,NA,FALSE,TRUE,Denver,Omaha
400989417,2018-02-14,Denver,Omaha,112,2,0:47,47,47,Ade Murkey Steal.,90,75,15,10,0.9999984307809474,0.9999978076697358,4,4,7.6,NA,NA,NA,NA,NA,NA,NA,NA,Omaha,Denver
400989417,2018-02-14,Denver,Omaha,114,2,0:28,28,28,Joe Rosga made Free Throw.,93,75,18,6,0.999999985028062,0.9999999796844347,4,4,7.6,NA,NA,Denver,made,Joe Rosga,NA,FALSE,TRUE,Denver,Denver
400989417,2018-02-14,Denver,Omaha,115,2,0:28,28,28,Joe Rosga made Free Throw.,94,75,19,0,0.9999999944032593,0.9999999924057291,4,4,7.6,NA,NA,Denver,made,Joe Rosga,NA,FALSE,TRUE,Denver,NA
400989417,2018-02-14,Denver,Omaha,116,2,0:00,0,0,End of Game,94,94,0,28,1,1,4,4,7.6,NA,NA,NA,NA,NA,NA,NA,NA,Denver,NA
